15811
15518
15517
15512
15514
15513
15508
15506
15507
15511
15510
15505
15504
15412
15411
15214
15066
14963
14942
14591
14462
14448
14442
14445
14150
14150
14132
14085
14074
14051
14034
14002
13849
13546
13529
13482
13465
13389
13242
13112
13093
13010
12935
12937
12854
12220
12059
12040
11858
11842
11592
11490
11440
11401
10197
10198
10166
10157
10142
10143
10143
10129
10125
10126
10127
10128
10124
10112
10098
10101
10090
10092
10087
10088
10089
10081
10081
10077
10054
10025
10021
10024
10011
9994
9982
9979
9974
9971
9965
9935
9938
9927
9910
9912
9907
9900
9903
9897
9892
9882
9880
9880
9874
9857
9844
9835
9836
9828
9826
9818
9812
9803
9789
9769
9718
9719
9722
9711
9701
9701
9702
9698
9687
9674
9668
15214
15066
14963
14942
14591
14462
14448
14442
14445
14150
14150
14132
14085
14074
14051
14034
14002
13849
13529
13482
13465
13389
13242
13112
13093
13010
12935
12937
12854
12220
12059
12040
11858
11842
11592
11490
11440
11401
10197
10198
10166
10157
10142
10143
10143
10129
10125
10126
10127
10128
10124
10112
10098
10101
10090
10092
10087
10088
10089
10081
15214
15214
