1
2
4
5
6
7
8
9
10
11
12
13
16
17
18
19
21
22
23
24
25
26
27
28
30
31
32
33
34
35
37
38
39
42
43
44
45
46
47
48
49
50
51
52
53
54
55
57
58
59
60
61
64
65
66
67
68
69
70
71
72
73
74
75
76
80
84
86
87
88
89
90
91
93
94
95
96
97
98
99
100
101
102
103
104
105
106
108
109
112
113
115
116
117
118
119
120
122
123
124
125
126
128
129
130
132
133
134
136
137
138
140
141
142
143
144
145
146
147
148
149
150
151
152
153
154
155
156
157
158
159
161
162
163
164
165
166
167
170
171
172
173
174
175
176
177
180
181
182
183
184
185
186
187
188
189
190
192
78
29
40
56
62
63
77
79
82
83
85
107
110
114
127
131
139
193
194
195
197
198
200
202
203
204
205
206
207
208
209
210
211
212
213
214
215
216
217
218
219
220
221
222
223
224
225
226
227
228
229
230
231
232
233
234
235
236
237
238
239
240
241
242
243
244
245
246
247
248
249
250
251
252
253
254
255
256
257
258
259
261
272
282
283
293
294
295
296
297
298
299
300
301
302
303
305
306
309
310
311
313
315
316
318
321
324
325
326
328
330
331
332
333
334
335
339
341
342
343
344
346
349
350
353
354
356
360
361
362
363
92
160
168
169
178
179
196
199
201
260
263
264
265
267
268
269
270
273
275
276
277
278
279
280
281
284
287
288
290
291
292
304
307
308
312
314
317
319
320
322
323
327
336
337
338
340
345
347
348
351
352
355
357
358
359
364
365
366
367
285
371
372
373
374
375
376
377
378
380
381
386
388
390
391
393
398
401
403
406
407
409
410
411
412
413
414
415
416
417
418
419
420
421
422
423
424
425
426
427
430
431
