4919148334504767
4919148334507059
4919148334504817
4919148334502472
4919148334504874
4919148334501862
4919148334506234
4919148334504825
4919148334503355
4919148334503157
4919148334704631
4919148334704540
4919148334707204
4919148334707063
4919148334706669
4919148334705356
4919148334705273
4919148334706685
4919148334706339
4919148334703187
4919148334708350
4919148334705133
4919148334702163
4919148334707758
4919148334701017
4919148334704847
4919148334705737
4919148334700670
4919148334706057
4919148334701785
4919148334706172
4919148334707519
4919148334705810
4919148334707162
4919148334700324
4919148334700480
4919148334705604
4919148334708541
4919148334707600
4919148334700654
4919148334706347
4919148334707048
4919148334700332
4919148334705513
4919148334702247
4919148334705562
4919148334701462
4919148334704474
4919148334704532
4919148334704532
4919148334706412
4919148334702551
4919148334708046
4919148334700613
4919148334704086
4919148334705570
4919148334705182
4919148334700621
4919148334706859
4919148334701249
4919148334707550
4919148334702148
4919148334701447
4919148334702189
4919148334700639
4919148334708343
4919148334702205
4919148334704466
4919148334702213
4919148334702254
4919148334705059
4919148334701033
4919148334703229
4919148334704722
4919148334701728
4919148334702569
4919148334706743
4919148334705257
4919148334706065
4919148334702239
4919148334707501
4919148334705422
4919148334703443
4919148334705638
4919148334705869
4919148334705612
4919148334703476
4919148334705208
4919148334702221
4919148334706842
4919148334701504
4919148334706560
4919148334701769
4919148334707543
4919148334705331
4919148334703179
4919148334708228
4919148334708509
4919148334702544
4919148334701223
4919148334705075
4919148334706255
4919148334703484
4919148334700662
4919148334702585
4919148334702122
4919148334703468
4919148334707782
4919148334700365
4919148334707709
4919148334707113
4919148334706578
4919148334705463 
4919148334705463 
4919148334705463 
4919148334705463 