2 4 6 4 5 12 19 24 0 0 25 35 0 0 136
1 6 6 12 5 12 23 24 10 0 25 0 40 0 164
2 4 9 8 5 12 18 18 0 50 0 35 40 0 201
2 4 9 8 15 12 20 19 9 50 0 0 0 0 148
2 2 6 8 10 12 22 0 0 0 25 35 0 0 122
2 8 15 8 10 12 25 19 16 50 25 35 0 0 225
2 4 6 8 10 12 19 15 0 0 25 35 40 0 176
2 4 9 4 5 12 19 17 14 0 25 35 40 0 186
1 2 15 16 10 30 21 20 30 50 25 35 40 35 330
2 6 9 8 10 12 21 20 0 50 25 35 0 0 198
2 2 3 4 10 12 17 0 13 0 25 35 40 0 163
3 4 3 4 10 12 20 21 0 50 25 35 40 0 227
2 4 9 8 5 12 25 13 28 50 25 35 40 0 256
2 4 3 8 10 12 22 10 21 0 25 35 40 0 192
3 4 6 8 15 6 21 13 17 0 25 35 40 0 193
4 4 6 8 10 12 23 16 18 0 25 35 40 0 201
4 4 9 8 10 6 18 15 26 50 25 0 40 0 215
3 4 6 8 10 18 27 27 25 0 25 0 40 0 193
2 4 3 16 10 12 21 20 25 50 25 35 40 0 263
3 4 3 8 5 12 22 15 0 50 25 35 40 0 222
2 4 6 8 10 12 18 16 14 0 25 35 40 0 190
1 4 9 8 5 12 24 12 0 50 25 35 40 0 225
1 6 12 8 10 12 22 22 21 0 25 35 40 0 214
2 6 9 8 10 12 19 25 6 50 25 35 0 0 207
2 2 9 8 15 12 23 20 22 50 25 0 40 0 228
2 4 3 8 10 12 18 0 27 50 25 0 40 0 199
1 4 6 8 10 12 21 17 16 50 25 35 0 0 205
2 2 9 8 10 18 20 25 0 50 25 0 40 0 209
2 4 6 4 10 12 20 15 14 0 25 0 40 0 152
2 2 6 12 10 18 21 19 30 50 0 35 40 0 245
2 4 3 8 20 24 20 21 22 50 25 35 0 0 234
2 4 6 8 10 18 25 24 0 0 0 0 40 0 137
2 6 6 8 15 12 21 19 0 0 25 0 0 0 114
2 4 6 8 10 12 23 0 0 0 25 0 0 0 90
2 6 6 4 5 12 23 18 5 50 25 0 40 0 196
2 4 6 8 10 12 22 12 26 50 25 35 0 0 212
1 6 6 8 15 18 23 22 0 0 25 35 0 0 159
2 2 6 8 15 18 18 22 14 50 25 0 40 0 220
2 6 9 4 15 18 23 26 25 0 25 0 40 0 193
2 2 6 8 10 12 24 16 23 0 25 35 40 0 203
2 10 6 8 10 12 19 15 7 50 25 35 40 0 239
2 4 6 8 10 12 19 24 0 0 25 35 40 0 185
2 6 6 12 15 12 24 20 0 0 0 0 40 0 137
1 4 6 8 10 12 20 19 0 50 25 35 40 0 230
2 4 6 8 15 18 24 20 29 0 25 35 0 0 186
3 8 3 4 10 6 24 19 17 50 25 0 0 0 169
1 4 6 4 10 12 23 0 10 0 25 35 40 0 170
2 2 6 4 10 12 23 10 0 0 25 35 40 0 169
2 4 9 4 25 12 19 19 15 50 25 35 0 0 219
2 4 6 4 15 18 23 24 13 50 25 35 40 0 259
5 8 6 8 10 12 22 12 25 50 25 35 0 0 218
2 4 3 12 10 12 23 17 14 50 0 35 40 0 222
2 4 6 12 15 12 22 28 0 0 0 35 40 0 176
2 4 6 8 10 6 18 20 26 0 25 0 0 0 125
2 8 3 8 10 12 20 14 10 0 25 35 40 0 187
2 2 9 8 15 18 25 22 11 0 25 35 0 0 172
2 4 6 8 10 12 21 0 0 0 25 35 0 0 123
2 4 6 8 10 12 23 0 0 50 25 35 0 0 175
1 6 9 4 10 12 22 22 19 50 25 35 40 0 255
3 8 6 8 5 12 21 27 29 50 0 35 0 0 204
2 6 3 12 10 12 24 23 0 0 25 35 0 0 152
2 4 3 8 5 12 23 14 25 50 25 35 40 0 246
2 2 6 12 15 18 25 26 0 0 25 35 40 0 206
3 2 6 8 10 12 25 26 0 50 25 0 0 0 167
2 4 9 8 10 6 21 21 26 0 25 35 0 0 167
3 2 6 8 10 12 21 15 21 50 25 0 0 0 173
1 2 6 12 10 12 19 15 0 0 25 35 0 0 137
2 2 9 12 10 12 22 23 25 50 25 0 40 0 232
3 4 6 8 10 18 22 18 6 0 25 0 40 0 160
2 4 6 8 10 12 25 21 0 0 25 35 0 0 148
2 2 9 16 10 12 21 19 26 0 25 0 40 0 182
2 6 6 8 10 18 21 20 0 0 25 0 40 0 156
2 4 6 8 10 6 19 18 0 0 25 35 40 0 173
2 6 6 8 5 30 22 14 22 50 25 35 40 0 265
1 4 9 4 10 12 22 25 0 50 25 35 40 0 237
2 10 6 4 10 12 24 10 25 50 25 35 0 0 213
4 4 6 8 10 6 16 21 16 0 25 35 40 0 191
3 4 6 8 5 12 25 25 11 50 25 35 0 0 209
2 4 6 8 10 12 24 0 11 0 25 35 0 0 137
3 4 3 4 10 18 23 19 0 0 25 35 40 0 184
2 4 9 12 10 12 19 20 0 0 25 0 40 0 153
2 4 6 4 10 12 24 25 24 0 25 35 0 0 171
3 4 12 12 10 12 18 21 17 50 25 35 40 0 259
2 2 6 8 15 12 21 23 0 50 25 35 40 0 239
1 4 9 12 5 18 21 19 0 0 25 35 0 0 149
2 4 3 8 10 12 22 22 0 0 25 35 40 0 183
1 8 6 8 10 12 22 17 18 0 25 35 40 0 202
2 4 9 8 10 12 23 21 17 50 25 35 0 0 216
2 2 6 8 5 12 22 19 22 0 25 35 40 0 198
1 4 15 8 10 18 24 25 21 50 25 0 0 0 201
1 2 6 8 10 12 26 19 0 0 25 35 40 0 184
2 4 6 8 15 18 21 21 0 0 25 35 40 0 195
2 4 6 4 15 12 22 20 0 0 25 35 40 0 185
2 6 6 12 15 6 21 24 0 50 25 0 40 0 207
2 8 9 20 15 12 16 17 14 50 0 0 40 35 238
2 6 6 8 5 6 19 15 18 50 25 0 40 0 200
4 2 12 12 5 12 25 19 10 0 25 35 40 0 201
3 4 9 4 10 12 22 20 19 50 25 35 0 0 213
2 4 6 8 10 6 21 9 26 0 25 0 0 0 117
1 4 9 12 15 12 23 23 0 0 25 0 40 0 164
4 2 9 8 10 30 16 15 10 50 25 35 40 35 289
1 10 6 4 10 12 22 13 20 50 25 35 40 0 248
2 2 9 12 10 12 22 24 14 50 25 0 0 0 182
2 8 6 20 10 12 23 12 13 50 25 35 0 0 216
4 6 6 8 10 12 22 13 14 50 0 35 40 0 220
4 4 9 8 5 12 19 15 27 0 25 0 40 0 168
2 4 6 8 10 12 27 23 8 0 25 0 40 0 165
1 4 9 8 10 12 20 18 18 0 25 35 40 0 200
3 4 6 8 15 12 24 21 0 50 25 0 0 0 168
3 2 6 8 20 18 21 16 24 0 25 0 40 0 183
2 4 6 16 10 18 26 20 30 50 25 0 0 0 207
2 4 9 8 10 12 25 26 22 50 25 0 40 0 233
2 2 6 8 10 12 22 25 12 50 25 35 40 0 249
2 2 6 8 10 18 28 25 0 50 25 35 40 0 249
4 4 3 8 10 12 24 26 20 50 25 35 40 0 261
4 8 12 20 20 18 23 15 12 50 0 35 0 35 252
3 4 9 4 15 6 19 19 17 0 25 0 40 0 161
1 4 6 8 25 30 19 15 25 50 25 35 0 35 278
0 10 6 8 10 12 25 10 14 50 25 35 40 0 245
2 4 6 8 5 12 22 21 0 0 25 0 0 0 105
2 6 9 8 10 12 22 19 0 0 25 0 40 0 153
3 6 9 8 10 6 20 21 0 0 25 35 40 0 183
3 2 6 8 5 12 25 23 0 50 25 0 40 0 199
2 2 9 8 10 12 19 25 0 50 25 35 40 0 237
2 4 9 12 10 12 24 23 0 0 25 35 40 0 196
3 4 15 20 10 12 15 25 11 50 25 35 0 35 260
2 6 9 4 15 18 21 16 0 0 25 0 0 0 116
2 6 6 8 5 12 21 14 21 50 25 35 0 0 205
2 2 6 16 10 6 22 21 21 0 25 35 40 0 206
1 6 6 8 10 6 20 16 0 50 25 35 40 0 223
2 6 6 8 5 12 24 15 0 50 25 35 0 0 188
2 4 6 8 10 6 26 15 10 0 25 35 0 0 147
2 6 6 4 5 12 21 25 0 50 0 35 40 0 206
1 2 6 8 10 12 22 21 25 50 25 35 40 0 257
2 2 12 12 15 12 20 24 24 0 25 0 40 0 188
2 4 6 8 10 18 20 20 0 50 25 35 40 0 238
2 6 6 12 10 18 22 24 29 0 0 35 40 0 204
2 8 3 8 20 24 20 15 28 0 0 35 0 35 198
4 4 6 16 5 12 22 10 7 0 25 0 40 0 151
2 4 6 8 10 12 20 0 18 50 0 0 40 0 170
2 8 6 8 10 18 26 26 23 0 25 35 0 0 187
2 4 9 4 15 18 21 23 13 0 25 0 0 0 134
3 4 6 4 10 6 23 14 13 50 25 35 40 0 233
2 6 6 12 10 18 19 27 0 50 25 35 40 0 250
2 4 9 4 10 18 23 23 0 0 25 35 40 0 193
2 2 6 8 10 18 23 26 30 50 0 0 40 0 215
3 4 6 8 10 18 25 20 27 0 0 35 40 0 196
2 4 6 4 10 12 20 0 20 50 25 35 40 0 228
2 2 3 8 10 18 18 22 25 50 25 35 40 0 258
2 4 9 8 15 12 25 27 0 50 25 35 40 0 252
2 4 12 4 10 12 22 18 24 0 25 35 40 0 208
3 4 6 8 10 6 24 21 22 50 25 35 40 0 254
2 4 3 8 5 12 23 10 27 50 25 35 40 0 244
2 6 6 8 10 12 22 14 18 50 25 0 0 0 173
1 6 12 8 15 12 23 22 17 50 25 35 0 0 226
2 4 6 8 10 12 26 11 13 0 25 35 40 0 192
2 4 6 8 25 12 24 26 29 50 25 35 40 0 286
2 4 9 8 10 18 24 23 0 0 25 35 0 0 158
2 4 6 12 10 18 26 20 25 50 0 0 40 0 213
2 4 6 8 10 12 22 12 0 50 25 35 0 0 186
3 4 6 8 10 12 22 17 25 50 25 35 0 0 217
3 4 6 8 10 18 26 24 23 0 25 0 40 0 187
2 2 9 8 15 12 25 25 22 0 25 35 40 0 220
2 6 6 8 10 30 19 19 23 50 0 0 40 0 213
2 4 6 8 5 12 23 0 20 50 25 35 40 0 230
2 0 12 12 15 12 21 21 26 50 25 35 40 0 271
1 6 6 12 10 12 22 20 17 0 25 0 40 0 171
2 4 9 8 15 12 19 25 0 50 25 35 40 0 244
2 6 6 4 10 12 21 15 0 50 25 35 40 0 226
2 4 3 8 10 12 23 16 18 0 25 35 0 0 156
2 4 6 16 10 12 21 15 16 0 25 0 40 0 167
2 2 9 8 15 12 18 21 0 0 25 35 40 0 187
2 4 6 4 10 6 21 10 14 50 25 35 40 0 227
2 4 6 8 10 12 20 11 30 50 25 35 0 0 213
2 4 6 8 10 12 25 24 16 0 25 0 0 0 132
3 4 3 12 10 6 23 27 22 0 25 0 40 0 175
2 2 6 8 5 12 22 20 0 50 25 35 40 0 227
2 4 6 4 5 12 22 24 6 50 25 35 40 0 235
2 4 6 8 10 6 17 13 7 50 25 0 40 0 188
2 4 3 8 10 6 20 21 26 50 25 35 40 0 250
2 4 6 4 5 12 21 0 21 50 25 35 40 0 225
2 2 3 8 10 12 23 14 12 0 25 35 40 0 186
2 8 6 8 5 6 20 19 14 0 25 35 0 0 148
2 4 9 8 10 12 23 14 8 0 25 35 0 0 150
2 4 3 8 10 6 19 11 0 0 25 35 40 0 163
3 2 6 8 10 12 20 14 0 0 25 35 0 0 135
2 6 6 20 10 12 21 25 25 50 25 0 40 0 242
4 6 6 8 10 18 19 19 19 50 0 0 40 0 199
1 4 3 8 10 6 22 14 9 0 25 35 40 0 177
2 4 6 8 10 18 20 25 26 0 25 35 0 0 179
1 4 6 8 10 12 25 8 7 50 25 0 0 0 156
2 4 6 8 10 12 21 21 25 50 25 35 0 0 219
2 4 6 8 15 18 23 27 0 0 0 0 40 0 143
2 2 9 8 15 18 23 24 0 0 25 35 40 0 201
2 8 6 8 5 6 17 23 21 50 25 35 40 0 246
1 4 6 12 10 12 23 22 22 0 25 0 0 0 137
2 4 6 8 10 24 21 17 26 0 25 35 40 0 218
2 4 9 12 15 6 22 25 0 50 25 0 40 0 210
2 2 6 8 5 6 21 22 0 50 25 35 40 0 222
2 4 6 8 20 12 20 18 24 50 25 35 40 0 264
3 6 15 8 10 12 17 24 21 50 25 35 40 0 266
1 4 6 8 5 12 21 5 25 50 25 35 40 0 237
2 6 3 8 10 18 21 27 0 0 25 35 40 0 195
2 4 0 8 15 12 22 22 30 50 25 35 40 0 265
3 6 6 8 5 12 21 23 0 50 25 35 40 0 234
2 6 9 8 15 18 19 21 16 0 0 35 40 0 189
2 4 6 8 5 6 20 0 0 50 25 35 0 0 161
3 2 3 12 15 18 23 24 12 0 25 35 40 0 212
3 4 6 8 10 18 21 22 7 50 25 0 40 0 214
1 2 6 8 5 12 22 9 0 0 25 35 40 0 165
2 4 6 4 10 12 23 0 8 50 25 35 40 0 219
3 2 6 8 10 12 20 16 0 50 25 35 40 0 227
2 8 3 8 10 12 20 15 20 50 25 35 40 0 248
2 4 3 8 10 12 25 0 30 50 25 35 40 0 244
2 2 9 8 10 6 17 21 20 50 25 35 40 0 245
2 4 6 8 10 12 22 18 0 50 25 0 40 0 197
1 2 12 8 10 24 24 26 22 50 25 35 40 0 279
3 6 3 8 10 12 23 19 0 50 25 35 40 0 234
2 6 9 12 10 6 21 23 0 0 25 0 40 0 154
2 4 3 8 5 6 23 21 29 50 25 35 40 0 251
3 2 9 8 10 18 20 21 26 50 25 35 40 0 267
3 4 3 8 15 12 22 23 13 0 25 35 40 0 203
1 2 6 12 10 12 22 22 7 0 25 0 40 0 159
3 4 12 8 10 18 24 24 22 0 25 35 0 0 185
2 4 9 8 10 12 20 20 22 50 25 35 40 0 257
1 2 6 8 10 12 22 16 21 0 25 35 0 0 158
1 6 6 8 10 12 21 19 0 0 25 35 0 0 143
3 6 6 8 5 12 22 25 6 50 25 35 40 0 243
2 4 6 4 10 12 23 20 0 0 0 0 40 0 121
3 4 6 8 15 6 18 16 6 50 25 0 40 0 197
1 4 3 8 10 12 26 24 0 50 25 35 40 0 238
2 0 6 8 10 12 26 6 9 50 25 35 40 0 229
1 4 6 12 10 12 23 16 0 50 25 35 0 0 194
2 4 6 8 10 6 21 13 0 0 25 35 40 0 170
1 4 6 8 10 6 20 9 0 50 25 35 40 0 214
4 8 6 8 5 12 19 22 24 50 25 35 0 0 218
2 6 9 8 10 12 24 23 21 0 25 0 40 0 180
2 4 9 16 15 6 23 19 21 0 25 0 40 0 180
1 4 6 8 10 12 22 0 0 50 25 0 40 0 178
3 4 6 8 5 6 18 28 9 50 25 35 40 0 237
3 8 3 4 10 24 19 23 29 0 25 0 40 0 188
1 4 6 12 15 12 22 28 26 50 25 35 40 0 276
3 6 6 8 10 30 19 21 22 50 25 35 40 35 310
2 2 6 12 10 12 21 25 0 50 0 35 40 0 215
2 2 6 8 5 12 22 24 9 0 25 35 40 0 190
3 4 3 4 5 12 24 20 23 50 25 0 0 0 173
2 4 6 8 10 12 21 19 23 0 25 0 0 0 130
3 6 12 8 10 12 22 14 24 0 25 0 40 0 176
1 4 6 8 10 6 20 25 0 50 25 35 40 0 230
4 2 6 8 15 18 22 23 22 0 0 35 40 0 195
1 4 6 16 15 6 23 20 26 50 25 0 40 0 232
2 4 6 8 10 6 18 0 16 50 25 35 40 0 220
2 4 6 8 5 12 24 17 0 50 25 35 0 0 188
2 2 6 8 10 12 22 13 0 0 25 35 0 0 135
3 4 6 8 10 12 24 26 27 0 25 35 0 0 180
2 2 6 8 10 12 24 24 0 0 25 35 0 0 148
1 4 6 8 15 12 23 26 0 50 25 35 40 0 245
1 4 12 12 20 12 23 23 17 50 25 0 40 0 239
2 4 6 4 5 12 21 0 9 50 25 35 40 0 213
2 2 3 8 10 12 26 22 0 0 25 35 0 0 145
4 6 3 8 5 6 21 23 20 50 25 0 40 0 211
2 6 6 8 10 18 21 18 17 0 25 35 40 0 206
3 4 6 8 10 18 23 16 0 50 25 35 0 0 198
2 4 9 4 5 30 21 23 10 50 25 35 40 0 258
2 6 6 8 5 12 20 12 7 50 25 35 40 0 228
1 6 9 8 10 12 23 23 0 0 25 0 40 0 157
1 4 12 12 15 18 18 23 25 50 25 35 40 0 278
3 4 6 8 10 12 22 21 17 50 25 35 0 0 213
3 4 6 8 10 30 23 20 25 50 25 35 0 0 239
3 4 9 4 10 12 22 19 0 50 0 0 40 0 173
1 8 6 8 10 12 22 11 17 0 25 35 40 0 195
3 8 3 8 10 12 21 23 22 0 0 35 40 0 185
2 8 6 8 10 18 20 25 21 0 25 35 0 0 178
2 6 15 8 10 12 20 11 9 50 0 35 0 0 178
3 6 6 8 15 12 24 23 22 0 25 35 0 0 179
2 2 9 8 15 12 23 18 16 50 25 35 40 0 255
2 4 6 8 10 6 20 25 0 0 25 35 40 0 181
2 6 6 8 10 6 22 23 30 50 25 0 0 0 188
2 6 9 8 15 18 24 21 0 0 25 35 40 0 203
2 6 3 8 10 18 24 26 9 50 25 35 0 0 216
2 2 6 8 10 6 20 20 21 50 25 0 40 0 210
2 6 9 8 10 12 21 22 0 50 25 35 40 0 240
2 4 6 12 10 12 24 20 0 0 25 35 0 0 150
2 2 3 8 10 12 25 14 30 50 25 35 0 0 216
2 8 6 16 10 12 24 11 22 0 25 35 0 0 171
2 4 6 8 5 12 18 20 21 0 25 35 40 0 196
2 4 6 8 10 18 21 24 0 0 25 35 0 0 153
2 8 6 4 10 18 20 16 21 0 25 35 40 0 205
2 4 6 8 15 6 21 24 28 50 25 35 40 0 264
2 2 15 8 10 6 20 10 20 50 25 35 40 0 243
3 4 3 8 5 6 23 13 0 50 25 0 40 0 180
2 4 9 8 10 12 21 21 25 0 25 0 40 0 177
2 2 6 8 10 18 23 19 13 50 25 35 40 0 251
1 8 6 4 10 12 24 18 22 50 25 0 40 0 220
3 4 6 8 5 12 20 20 0 50 0 35 0 0 163
3 4 6 4 10 12 22 16 14 50 25 35 40 0 241
2 4 3 8 5 18 21 25 0 50 25 35 40 0 236
2 4 6 8 10 12 23 24 0 50 0 35 40 0 214
1 8 6 8 10 12 22 14 18 50 25 35 0 0 209
1 8 6 8 25 12 24 23 22 50 25 0 0 0 204
4 6 6 4 15 18 23 26 12 0 25 35 40 0 214
2 4 3 4 10 12 21 0 20 50 25 35 40 0 226
2 6 3 12 10 6 22 23 0 50 25 0 40 0 199
3 4 9 8 10 18 21 28 13 0 25 35 40 0 214
2 4 6 12 10 12 22 24 0 0 25 35 40 0 192
3 6 6 8 15 6 21 17 12 0 25 0 0 0 119
1 4 6 8 15 12 22 23 0 50 0 35 40 0 216
1 4 6 12 15 12 22 27 0 0 25 35 40 0 199
4 2 6 4 5 6 24 16 13 50 25 0 40 0 195
2 0 12 12 10 12 22 20 25 50 25 35 40 0 265
1 2 15 8 5 12 24 17 13 50 25 35 40 0 247
2 4 6 8 10 12 22 0 14 0 25 35 0 0 138
3 6 6 4 5 24 20 16 16 0 25 35 0 0 160
2 4 6 8 5 12 22 20 30 50 25 0 0 0 184
2 4 6 8 10 6 21 0 0 50 25 35 40 0 207
2 4 9 12 5 12 21 23 0 50 25 35 0 0 198
2 4 6 8 10 12 25 20 21 0 0 0 40 0 148
1 4 9 12 10 18 21 19 0 50 0 35 40 0 219
3 8 12 12 10 6 19 15 24 50 0 35 0 0 194
3 6 6 8 10 12 21 19 28 0 25 35 0 0 173
2 4 6 8 10 12 18 14 0 50 25 35 0 0 184
2 6 6 8 15 18 21 21 11 0 25 35 40 0 208
3 4 6 8 10 6 19 16 0 50 25 35 40 0 222
1 4 6 12 10 12 22 25 0 0 25 35 40 0 192
2 4 3 12 10 6 19 18 26 50 25 35 40 0 250
2 6 6 8 15 12 22 24 17 0 25 35 40 0 212
3 6 9 4 5 12 21 19 14 0 25 35 40 0 193
2 4 6 4 10 12 21 10 23 0 25 35 40 0 192
3 4 3 12 15 12 25 21 24 0 0 0 40 0 159
3 4 6 8 10 12 24 17 0 50 25 0 0 0 159
3 6 6 12 5 12 21 17 30 50 25 0 0 0 187
2 6 6 8 10 6 21 16 30 50 25 0 40 0 220
4 6 6 4 5 12 22 18 22 50 25 35 0 0 209
3 2 6 8 10 18 25 24 18 0 25 35 40 0 214
4 4 3 4 5 12 24 17 27 50 25 35 40 0 250
2 6 6 8 10 12 20 22 13 0 0 0 40 0 139
3 4 6 8 10 18 20 19 13 50 25 0 0 0 176
2 6 15 8 5 18 18 23 24 50 25 35 40 0 269
2 4 9 8 10 18 21 19 0 0 25 35 0 0 151
2 4 6 8 15 12 22 18 13 0 25 0 40 0 165
3 2 3 8 15 18 23 27 16 50 25 35 40 0 265
2 4 6 8 5 12 21 13 0 0 25 35 40 0 171
2 4 6 8 10 18 20 11 9 50 25 35 0 0 198
1 4 9 12 10 18 24 19 6 0 25 35 40 0 203
2 10 6 8 5 12 21 14 26 50 25 35 0 0 214
3 4 6 12 15 6 26 26 13 0 25 0 40 0 176
2 4 6 20 10 12 20 21 27 50 25 0 40 0 237
1 4 6 8 10 12 23 22 26 50 25 35 40 0 262
3 4 6 8 15 18 21 26 0 0 25 0 40 0 166
2 4 6 8 25 12 21 24 25 50 25 0 40 0 242
3 4 3 12 15 12 20 23 14 50 25 35 0 0 216
2 4 6 8 10 12 23 12 22 50 25 35 40 0 249
2 2 3 8 10 12 21 14 29 50 25 35 40 0 251
2 2 6 8 10 24 22 26 26 50 25 0 40 0 241
2 2 6 4 10 18 21 17 0 0 25 35 40 0 180
4 2 3 12 15 6 25 23 13 50 25 35 40 0 253
1 4 6 8 10 18 21 14 20 50 25 35 0 0 212
4 2 6 12 10 12 19 20 17 50 25 0 40 0 217
2 6 6 8 10 6 19 28 0 50 25 35 40 0 235
2 6 9 8 5 12 21 16 25 50 0 0 40 0 194
1 2 6 8 10 12 21 22 0 50 25 0 40 0 197
2 2 6 8 10 12 24 20 26 0 25 0 40 0 175
2 4 6 8 10 12 22 0 6 0 25 35 40 0 170
1 4 6 8 5 12 22 9 17 50 25 35 40 0 234
2 6 9 8 10 18 21 25 0 0 25 0 0 0 124
2 4 9 16 15 18 24 21 25 50 25 0 40 35 284
2 2 6 8 10 6 22 15 21 50 25 0 40 0 207
1 8 6 12 10 6 17 17 22 50 25 35 0 0 209
2 4 3 12 15 12 18 21 29 0 25 35 40 0 216
3 4 6 8 5 12 22 19 0 0 25 35 0 0 139
2 4 3 8 10 12 25 25 19 50 25 35 40 0 258
2 6 6 12 10 12 24 22 0 0 25 0 40 0 159
3 6 6 12 10 12 21 16 21 0 25 0 40 0 172
2 4 6 12 10 12 20 11 30 50 25 35 40 0 257
1 4 3 8 10 6 19 12 21 0 25 35 40 0 184
1 4 6 8 15 12 23 25 11 0 25 0 40 0 170
3 4 6 8 10 18 25 28 21 50 0 0 40 0 213
1 6 9 12 10 12 22 19 0 0 25 0 40 0 156
1 8 6 8 5 12 23 12 30 50 25 35 0 0 215
2 4 6 8 10 12 22 12 0 50 25 0 0 0 151
2 4 6 8 10 6 21 26 0 0 25 35 40 0 183
2 6 6 8 10 12 18 24 0 50 0 35 40 0 211
3 4 6 8 5 6 18 26 0 0 25 35 40 0 176
1 4 12 16 10 18 21 26 18 50 0 35 40 0 251
4 6 3 12 10 12 25 15 23 0 25 35 0 0 170
2 10 9 12 10 12 21 19 10 50 25 0 40 0 220
2 6 9 4 5 24 18 16 28 50 25 0 40 0 227
2 4 6 4 15 6 21 26 12 50 25 35 40 0 246
3 4 6 8 5 12 20 18 9 0 25 35 0 0 145
2 8 9 8 10 12 21 24 19 0 25 35 0 0 173
2 2 15 8 10 6 21 20 25 50 25 0 40 0 224
3 4 6 8 10 12 18 25 11 50 25 35 40 0 247
1 2 6 8 5 12 24 16 13 0 25 35 40 0 187
2 4 9 8 15 18 24 19 6 0 25 0 0 0 130
2 4 3 12 10 18 23 20 0 50 25 0 40 0 207
3 8 3 4 10 18 18 18 26 50 25 0 0 0 183
3 2 12 8 5 12 22 15 19 0 25 35 40 0 198
1 4 6 4 10 12 22 25 28 50 0 35 40 0 237
1 2 6 8 10 12 21 0 0 50 25 35 40 0 210
2 2 15 8 10 12 24 26 8 50 25 35 40 0 257
2 4 6 12 10 12 25 25 0 0 25 0 40 0 161
3 8 12 8 10 6 22 25 22 50 25 35 0 0 226
1 4 3 8 5 18 19 28 15 50 25 35 40 0 251
2 4 6 12 5 12 24 21 0 0 25 35 40 0 186
2 4 6 4 10 12 24 14 20 50 25 35 0 0 206
4 4 6 8 10 12 19 12 9 50 25 35 40 0 234
2 4 6 4 10 12 23 17 10 50 0 0 40 0 178
2 6 6 4 15 24 19 26 27 0 25 0 40 0 194
1 10 3 8 10 30 22 20 22 50 25 0 0 0 201
3 4 6 8 15 12 22 24 0 0 25 0 40 0 159
3 2 9 4 10 6 21 24 25 50 25 35 40 0 254
2 6 6 8 15 30 24 15 20 50 25 35 0 35 271
2 4 6 8 5 12 23 10 11 50 25 35 40 0 231
2 4 9 8 10 18 19 24 0 0 25 35 40 0 194
2 4 3 8 10 12 21 21 8 0 0 35 40 0 164
2 8 6 8 10 12 20 20 14 50 25 35 40 0 250
2 2 6 8 10 12 24 19 13 50 25 35 40 0 246
3 4 3 8 10 12 23 21 27 0 0 35 40 0 186
1 4 12 20 10 12 25 19 26 50 0 35 40 0 254
3 4 3 12 10 6 21 22 0 0 25 35 40 0 181
3 4 6 12 10 6 19 21 26 50 0 0 40 0 197
2 6 6 4 10 6 26 14 16 50 25 35 0 0 200
2 2 6 8 10 12 23 0 0 50 25 0 40 0 178
2 6 6 12 15 12 20 21 25 50 25 35 0 0 229
5 4 6 4 10 12 23 22 8 50 0 35 0 0 179
2 4 9 12 25 12 20 26 25 50 0 0 0 35 220
2 4 6 12 10 12 22 25 26 50 25 0 0 0 194
3 4 9 8 15 12 21 18 0 50 25 0 0 0 165
3 2 6 8 5 6 20 13 0 50 25 35 40 0 213
2 4 3 8 20 12 20 15 21 0 25 0 0 0 130
2 4 6 8 15 12 20 26 0 0 25 35 40 0 193
1 4 9 12 10 18 20 22 22 0 25 35 40 0 218
3 4 9 12 10 18 22 27 0 50 25 0 40 0 220
2 6 6 16 5 30 19 14 30 50 0 35 40 35 288
2 4 6 8 10 12 23 17 6 0 25 0 40 0 153
4 4 6 12 10 12 21 20 30 50 0 0 0 0 169
3 4 9 4 15 12 25 19 0 0 25 35 40 0 191
2 4 9 8 10 12 23 13 10 0 25 35 0 0 151
3 4 6 4 10 12 20 16 24 0 25 35 40 0 199
2 4 6 8 10 12 26 0 24 0 25 35 0 0 152
2 4 6 8 10 12 20 14 13 0 25 35 40 0 189
3 4 15 4 20 6 20 22 17 50 25 0 40 0 226
1 4 6 8 10 12 22 0 18 50 25 0 0 0 156
3 6 6 4 10 12 21 20 0 50 25 0 40 0 197
2 6 6 12 5 12 24 15 0 50 25 35 0 0 192
2 6 6 8 15 30 20 23 25 50 0 0 40 35 260
2 6 6 8 10 12 22 16 22 0 25 0 0 0 129
2 4 9 12 15 12 23 23 0 50 0 0 40 0 190
1 6 3 8 10 12 22 20 11 50 25 35 0 0 203
2 2 12 12 5 12 24 19 25 50 25 0 40 0 228
1 4 9 12 10 12 22 24 0 0 25 35 40 0 194
2 4 6 8 5 12 20 22 8 50 25 35 0 0 197
1 4 6 20 15 6 21 21 25 50 0 35 40 0 244
3 6 3 12 10 18 26 19 0 0 25 35 0 0 157
2 2 6 8 10 12 22 20 0 50 25 35 40 0 232
3 2 3 8 10 12 22 27 25 50 25 35 40 0 262
3 4 9 8 15 12 17 24 11 0 25 35 40 0 203
3 6 6 4 15 12 21 23 10 50 25 35 0 0 210
2 6 6 8 10 6 25 24 30 50 25 0 0 0 192
2 4 6 4 10 12 19 15 0 50 25 35 40 0 222
2 6 6 8 10 12 24 26 22 0 25 35 40 0 216
2 4 6 12 10 12 24 20 14 0 25 35 0 0 164
2 6 6 12 10 12 22 20 20 50 25 0 0 0 185
2 4 9 12 10 12 23 20 26 0 25 35 0 0 178
3 4 6 8 10 18 24 26 22 0 25 0 0 0 146
2 2 6 8 15 12 23 13 0 50 25 35 40 0 231
2 4 6 8 10 12 16 14 16 0 25 35 40 0 188
1 6 6 8 10 6 22 23 14 0 25 35 40 0 196
3 4 6 8 5 12 26 24 0 0 25 0 40 0 153
2 4 6 4 15 12 21 21 10 0 25 0 40 0 160
4 10 6 8 10 6 24 9 18 50 25 0 0 0 170
2 8 15 8 10 12 21 18 25 50 25 35 40 0 269
4 4 9 4 10 12 19 26 12 50 25 35 40 0 250
2 4 6 4 15 12 21 23 28 50 25 35 0 0 225
1 10 6 12 10 12 26 21 20 50 0 0 40 0 208
3 6 9 12 5 12 22 14 0 0 25 35 0 0 143
1 4 6 8 10 12 23 10 21 0 25 35 40 0 195
2 4 6 8 10 24 26 20 23 0 25 35 40 0 223
3 8 6 8 10 6 20 19 14 0 0 0 40 0 134
3 4 6 8 10 12 20 17 12 0 25 0 0 0 117
2 4 6 8 10 12 20 10 14 0 25 35 40 0 186
2 6 3 12 5 18 20 16 16 0 25 0 40 0 163
2 4 6 8 5 12 24 0 7 0 25 35 40 0 168
2 4 6 8 10 12 23 0 25 0 25 35 0 0 150
3 4 9 8 10 18 23 20 0 0 25 35 0 0 155
2 4 3 8 10 12 20 17 10 50 25 35 40 0 236
2 2 9 8 15 18 22 20 0 50 25 35 0 0 206
1 4 6 4 10 6 21 19 23 0 25 35 0 0 154
2 4 6 8 5 12 21 14 0 0 25 35 0 0 132
1 4 6 8 10 12 21 25 0 0 25 35 40 0 187
2 4 3 8 10 6 22 24 21 50 0 35 40 0 225
2 4 3 8 10 18 25 24 0 50 25 35 40 0 244
2 6 6 12 10 18 21 26 9 50 0 0 40 0 200
2 4 6 4 10 18 23 28 0 0 25 35 40 0 195
1 4 6 20 10 6 21 25 26 50 25 35 40 0 269
2 2 6 8 5 12 24 15 10 50 25 35 0 0 194
2 4 6 8 10 12 21 14 30 50 25 0 40 0 222
3 8 6 8 10 6 22 22 22 0 25 0 0 0 132
2 2 9 8 10 30 18 17 22 50 25 35 40 0 268
4 4 12 4 10 12 25 17 18 0 25 0 0 0 131
2 2 6 8 10 12 22 9 0 50 25 35 0 0 181
3 4 9 8 10 6 22 24 27 0 0 0 40 0 153
3 4 6 8 10 18 24 25 0 0 25 0 40 0 163
1 8 3 12 10 12 22 22 28 0 25 0 40 0 183
2 4 6 8 10 12 23 0 0 50 25 35 0 0 175
2 4 6 8 10 6 24 0 0 0 25 35 40 0 160
2 4 9 20 20 30 22 20 19 50 25 0 40 35 296
2 6 6 8 10 24 17 23 22 50 25 0 40 0 233
3 6 3 12 10 12 24 27 0 50 0 35 40 0 222
2 2 9 8 10 6 19 21 0 0 25 35 40 0 177
2 4 6 8 10 18 25 17 0 50 25 35 40 0 240
1 4 6 8 15 12 23 21 0 0 25 35 40 0 190
3 6 3 8 5 12 18 19 0 50 25 35 40 0 224
4 8 3 8 10 12 21 23 17 0 0 35 0 0 141
2 6 6 12 5 18 21 27 11 0 25 35 40 0 208
2 2 3 8 10 12 23 10 21 50 25 35 40 0 241
2 4 3 8 20 12 21 25 29 50 25 0 0 0 199
2 6 3 8 5 12 19 24 9 0 25 35 40 0 188
1 4 6 8 10 18 20 15 24 50 25 35 40 0 256
2 2 9 12 15 12 27 21 0 50 25 35 0 0 210
2 6 9 8 10 12 21 13 17 50 25 35 0 0 208
2 6 6 8 5 12 26 19 25 50 0 0 40 0 199
3 2 6 8 10 12 25 27 22 0 0 0 40 0 155
5 4 3 8 10 12 23 22 30 50 25 35 0 0 227
3 4 12 8 10 12 23 11 19 0 25 0 40 0 167
2 2 6 8 10 12 20 18 30 50 25 35 0 0 218
1 4 9 8 10 12 24 24 0 50 25 35 0 0 202
2 2 12 12 15 12 24 25 29 0 25 35 0 0 193
1 4 9 8 15 18 25 23 14 0 25 35 0 0 177
3 4 3 8 10 12 21 15 8 0 25 35 0 0 144
3 4 9 4 10 18 21 20 8 0 25 0 40 0 162
2 4 6 8 5 6 21 22 12 0 25 35 0 0 146
3 6 9 4 15 12 21 25 0 0 25 0 0 0 120
2 4 6 8 10 18 21 23 0 0 25 35 40 0 192
1 4 12 8 10 12 24 27 17 0 25 35 40 0 215
2 2 6 8 10 12 22 25 11 50 25 0 0 0 173
2 4 6 8 15 12 25 24 0 50 25 35 0 0 206
1 4 6 4 15 12 20 24 26 0 25 0 40 0 177
2 4 6 8 10 12 21 24 22 0 25 35 0 0 169
2 2 6 12 25 12 19 22 20 50 25 0 0 0 195
3 4 9 12 15 12 22 27 23 0 25 35 40 0 227
1 4 6 8 10 12 20 0 14 50 25 35 0 0 185
3 4 6 8 10 12 25 10 0 0 0 0 0 0 78
3 4 6 12 10 6 22 19 17 0 25 35 40 0 199
2 4 6 8 10 24 19 21 17 50 25 35 0 0 221
2 4 6 8 20 18 20 28 13 0 25 35 40 0 219
3 4 6 16 5 12 21 24 29 0 0 0 40 0 160
1 4 6 4 10 12 25 15 26 50 25 0 0 0 178
2 2 6 20 10 6 20 19 18 50 25 35 40 0 253
4 4 6 8 10 12 19 15 18 50 25 0 0 0 171
4 2 6 20 10 12 22 24 25 50 25 0 40 0 240
3 4 6 4 5 12 23 24 17 50 25 35 0 0 208
5 4 12 4 10 18 20 25 24 50 25 35 40 0 272
1 6 3 12 20 12 20 21 24 0 25 35 40 0 219
3 4 6 8 15 12 22 28 0 0 0 35 40 0 173
2 4 3 8 10 12 25 12 26 0 25 0 40 0 167
4 4 6 8 15 12 24 16 12 0 25 0 0 0 126
2 4 9 4 10 12 21 24 13 50 25 0 0 0 174
2 8 3 8 10 12 20 12 8 50 25 35 40 0 233
2 2 6 8 10 12 21 12 29 0 25 35 40 0 202
1 4 6 4 10 12 22 14 28 50 25 35 40 0 251
1 6 6 8 5 12 21 20 28 0 25 35 40 0 207
2 4 3 8 10 12 24 13 12 50 25 0 0 0 163
3 4 6 8 5 12 24 23 29 0 25 35 0 0 174
3 6 6 8 10 12 17 25 21 0 25 35 40 0 208
3 4 9 12 5 24 21 23 29 0 25 35 0 0 190
3 4 3 8 10 12 20 25 23 50 0 35 0 0 193
2 4 6 8 25 6 22 21 30 50 25 35 0 0 234
2 4 9 12 5 12 21 19 20 50 25 0 0 0 179
5 6 12 20 10 30 19 25 26 50 0 35 0 35 273
2 4 9 4 10 12 25 26 0 0 25 0 40 0 157
3 4 6 12 15 12 21 24 0 50 25 35 40 0 247
2 4 6 12 20 12 18 26 27 0 25 35 40 0 227
2 4 3 8 10 12 24 15 0 50 25 0 40 0 193
3 2 6 12 10 6 23 21 9 50 25 35 40 0 242
3 2 9 8 5 12 21 19 0 50 25 35 40 0 229
2 4 3 8 10 12 23 18 29 0 25 35 0 0 169
1 4 6 8 5 12 20 20 18 50 25 35 40 0 244
2 6 3 4 10 12 20 16 30 50 25 35 40 0 253
1 4 12 8 10 12 23 16 30 50 0 0 40 0 206
4 6 6 8 15 12 18 25 17 0 25 0 0 0 136
2 6 6 8 5 6 23 19 0 50 25 35 0 0 185
2 6 6 8 10 18 20 21 0 0 0 0 40 0 131
1 8 12 8 10 12 25 20 25 50 25 35 40 0 271
1 4 15 8 10 12 23 14 26 50 25 35 0 0 223
2 4 3 8 15 30 23 23 23 50 25 0 40 0 246
2 4 6 4 10 12 24 10 0 0 25 35 40 0 172
4 8 3 8 20 12 17 9 21 50 25 35 0 0 212
2 6 6 8 15 12 22 25 0 0 25 0 40 0 161
2 4 6 8 10 12 24 21 0 50 25 0 0 0 162
2 4 6 8 10 12 20 0 0 0 25 35 40 0 162
2 2 6 8 10 12 22 0 25 50 25 0 0 0 162
2 2 9 8 15 12 21 19 13 50 25 0 40 0 216
2 4 6 8 10 24 22 21 29 50 25 35 40 0 276
3 8 9 8 10 24 20 23 21 0 25 0 40 0 191
2 4 6 8 10 12 24 18 0 50 25 0 40 0 199
1 4 6 12 20 24 22 23 24 0 25 35 40 35 271
4 4 12 8 10 12 22 20 10 0 25 0 40 0 167
2 4 6 8 10 12 25 0 22 0 25 35 0 0 149
2 4 6 12 10 12 22 18 0 50 25 35 40 0 236
2 6 6 16 15 18 25 22 18 0 0 0 0 35 163
3 4 12 4 10 24 15 18 29 50 0 35 40 0 244
2 4 6 8 10 12 22 17 17 0 25 35 0 0 158
1 4 6 8 20 12 23 18 22 50 25 35 40 0 264
1 4 6 8 10 12 20 14 11 0 25 35 0 0 146
3 4 9 8 10 18 24 24 0 0 25 35 0 0 160
3 4 6 12 5 12 24 17 0 50 25 0 40 0 198
2 6 9 8 15 12 21 25 22 50 0 0 40 0 210
2 4 3 12 10 18 23 20 0 50 0 35 40 0 217
2 4 6 12 15 12 17 20 24 0 0 0 40 0 152
1 4 6 8 10 12 23 10 0 50 25 35 0 0 184
2 4 6 16 20 6 22 17 21 50 25 35 0 0 224
2 4 9 12 10 12 20 27 0 0 25 35 40 0 196
1 4 6 4 10 12 23 0 20 50 25 35 0 0 190
3 2 6 4 10 12 20 14 18 0 25 35 40 0 189
1 4 6 4 5 12 22 0 25 50 25 35 40 0 229
2 8 9 12 20 12 23 17 18 0 25 0 0 35 181
3 4 6 8 15 18 21 21 0 0 25 0 40 0 161
2 6 6 8 10 12 21 23 26 0 25 0 0 0 139
3 4 6 8 10 6 20 21 21 0 25 35 0 0 159
1 4 9 12 10 12 19 22 0 50 0 35 40 0 214
2 6 6 20 5 12 23 12 20 50 25 35 40 0 256
2 4 9 8 5 12 22 24 0 50 25 35 40 0 236
2 4 6 8 10 12 22 16 9 50 25 0 0 0 164
3 6 6 8 10 24 25 22 26 50 25 35 40 0 280
2 4 6 8 10 12 22 0 0 0 25 35 0 0 124
4 6 15 8 25 6 22 11 25 50 25 35 0 35 267
2 2 9 8 10 18 27 26 9 0 25 35 0 0 171
2 6 3 12 15 12 19 23 17 50 25 0 0 0 184
3 4 6 12 10 12 24 16 0 50 25 35 40 0 237
1 2 9 12 5 6 21 21 0 50 25 0 40 0 192
2 6 6 8 10 18 28 27 24 50 25 0 40 0 244
3 4 6 4 10 12 20 18 29 0 25 35 40 0 206
4 4 9 12 5 6 18 27 21 50 25 0 40 0 221
2 2 6 8 10 12 22 23 25 50 25 0 40 0 225
2 2 6 12 10 12 20 24 9 50 25 0 0 0 172
3 2 3 8 20 12 24 29 30 50 25 0 0 0 206
3 6 6 8 10 18 23 22 0 0 25 0 40 0 161
2 4 6 8 10 12 17 18 25 50 25 35 40 0 252
2 6 6 8 5 18 18 13 30 50 25 0 0 0 181
2 4 6 8 5 12 18 24 14 50 25 35 0 0 203
2 4 6 8 10 18 22 23 29 0 25 35 40 0 222
1 6 9 8 10 18 21 18 5 50 25 35 40 0 246
2 6 9 12 15 12 23 21 0 50 25 35 40 0 250
2 4 6 8 10 12 20 17 0 0 25 35 40 0 179
3 6 6 12 5 30 18 21 26 50 25 0 0 0 202
1 4 6 8 5 30 21 23 29 50 25 0 40 0 242
4 4 12 8 10 6 19 12 21 50 25 35 40 0 246
1 4 6 4 15 12 20 27 20 50 25 35 40 0 259
4 4 6 8 5 18 23 23 18 0 25 35 0 0 169
1 6 6 8 15 12 22 18 17 0 25 35 40 0 205
2 4 0 12 15 6 19 23 6 50 25 35 40 0 237
3 2 6 8 10 12 24 14 25 0 25 35 40 0 204
2 2 6 8 5 12 22 20 0 0 25 35 40 0 177
2 6 3 12 10 12 23 13 0 50 25 35 0 0 191
1 2 6 8 5 12 23 21 20 50 25 35 40 0 248
3 4 3 8 15 18 22 21 0 50 25 35 0 0 204
2 2 6 8 10 12 22 18 0 50 25 35 40 0 230
3 6 6 8 5 6 22 27 0 0 25 35 40 0 183
1 4 3 8 10 12 18 11 19 50 25 35 40 0 236
2 4 6 8 15 18 21 24 26 50 25 35 40 0 274
3 6 3 12 15 12 23 24 20 50 25 35 40 0 268
3 4 6 8 10 12 25 16 0 0 0 35 40 0 159
2 4 6 8 5 12 24 17 28 0 25 35 40 0 206
3 4 6 8 20 12 20 20 19 0 0 35 40 0 187
2 4 6 8 10 6 23 0 0 50 25 35 0 0 169
2 6 6 8 10 12 21 20 0 50 25 35 0 0 195
2 4 9 12 15 12 21 24 0 0 25 0 40 0 164
2 4 6 20 10 12 26 20 14 50 25 0 40 0 229
3 4 3 8 10 12 25 20 0 50 25 35 40 0 235
2 4 6 8 10 12 23 27 22 50 0 35 40 0 239
2 4 12 4 10 18 20 25 26 50 25 35 40 0 271
1 4 6 16 10 12 22 21 25 50 25 35 0 0 227
2 4 6 8 10 12 21 11 9 50 25 0 0 0 158
2 4 6 8 5 12 17 28 0 50 25 35 40 0 232
2 2 6 8 10 12 20 18 26 50 25 35 40 0 254
2 8 6 8 10 6 20 21 13 0 25 35 0 0 154
1 4 6 8 10 12 21 20 0 50 25 35 0 0 192
1 4 6 8 5 12 19 18 25 50 25 35 0 0 208
2 2 9 8 10 12 22 19 0 0 25 0 40 0 149
2 4 12 16 15 12 23 22 12 50 25 0 0 0 193
1 4 9 12 10 6 22 27 13 0 25 35 40 0 204
1 4 3 8 10 12 23 11 17 50 25 35 40 0 239
3 2 3 8 10 18 20 18 0 0 25 35 40 0 182
3 2 6 12 5 12 22 25 11 0 25 35 40 0 198
1 8 6 8 10 12 21 17 14 0 25 35 40 0 197
3 10 12 12 15 12 21 22 25 50 25 0 0 35 242
4 6 3 8 5 6 22 14 20 50 25 0 40 0 203
4 4 6 8 10 12 22 18 20 50 25 0 0 0 179
3 6 6 12 10 6 20 17 20 50 0 0 40 0 190
3 2 9 4 25 12 23 24 18 50 25 0 40 0 235
2 2 15 8 15 30 25 28 25 50 25 0 40 35 300
3 4 6 8 10 12 19 23 23 0 25 0 40 0 173
2 8 9 12 5 6 24 17 15 50 25 0 0 0 173
2 4 9 8 10 6 17 22 17 50 25 35 40 0 245
2 6 6 4 15 24 20 23 24 50 25 0 40 0 239
2 6 6 8 20 18 20 20 19 0 25 35 40 0 219
2 4 6 8 5 18 20 24 6 0 25 35 0 0 153
2 2 6 4 10 12 21 18 8 50 25 35 40 0 233
3 6 6 12 10 18 20 24 0 0 25 35 40 0 199
3 2 9 8 10 12 22 22 0 0 25 35 0 0 148
5 4 6 8 5 12 21 24 30 50 25 35 40 0 265
2 6 6 4 10 12 20 17 0 50 25 35 40 0 227
2 4 3 4 10 12 20 19 11 50 25 35 0 0 195
3 4 3 12 10 18 17 27 11 0 25 35 40 0 205
3 8 12 4 10 12 16 16 28 50 25 35 40 0 259
2 4 6 12 10 12 21 23 0 0 25 0 0 0 115
2 4 6 4 10 12 22 16 0 0 25 35 40 0 176
1 8 12 8 10 18 24 18 25 50 25 0 0 0 199
2 4 6 8 5 12 23 22 0 50 25 35 0 0 192
2 4 6 8 10 6 23 17 26 50 25 35 0 0 212
2 4 3 8 10 6 21 20 12 50 0 35 40 0 211
1 4 6 4 10 12 20 0 20 50 25 35 0 0 187
2 4 6 8 10 12 19 16 22 0 0 0 0 0 99
2 4 6 8 10 12 21 0 26 50 25 35 0 0 199
3 2 3 8 10 6 26 19 8 50 25 35 40 0 235
2 4 6 8 10 12 20 19 21 0 25 35 0 0 162
4 6 9 4 10 12 22 19 26 0 25 35 0 0 172
2 2 6 12 15 18 25 24 0 50 0 35 40 0 229
1 4 6 8 10 12 23 20 29 0 25 35 40 0 213
2 4 3 8 10 12 21 0 21 50 25 35 0 0 191
2 4 15 8 10 30 24 18 25 50 0 0 40 35 261
4 4 12 8 10 24 22 14 21 0 25 0 0 0 144
2 4 3 8 10 12 24 19 0 0 25 35 40 0 182
2 4 9 12 10 18 23 14 16 0 25 35 0 0 168
2 4 6 8 10 12 19 11 19 50 25 0 40 0 206
2 6 9 8 15 12 21 18 0 50 25 35 40 0 241
3 2 6 12 15 6 18 20 6 50 25 35 0 0 198
2 0 9 12 25 18 23 19 16 50 25 35 0 35 269
2 4 3 8 10 12 24 6 26 0 25 0 0 0 120
4 6 9 4 15 6 18 21 18 50 0 0 40 0 191
2 6 6 8 10 12 19 21 0 0 25 0 40 0 149
3 6 6 12 20 12 22 23 23 0 25 35 40 0 227
3 4 6 8 10 6 23 20 0 0 25 35 40 0 180
2 6 3 8 5 18 22 15 17 50 25 0 0 0 171
2 4 6 8 10 12 23 21 9 50 25 35 0 0 205
2 2 3 8 10 12 26 22 30 50 25 0 0 0 190
3 4 9 4 10 18 27 25 0 50 25 0 0 0 175
3 2 6 8 10 6 21 20 30 50 25 35 40 0 256
2 6 6 4 5 12 22 21 18 50 25 35 40 0 246
3 2 9 12 10 18 18 25 0 50 25 35 40 0 247
2 2 6 8 15 12 21 23 19 50 25 35 40 0 258
1 2 6 12 10 12 23 27 0 0 25 35 40 0 193
2 8 3 4 10 12 16 19 29 0 0 0 40 0 143
2 4 6 12 10 12 24 23 25 50 0 0 0 0 168
3 4 9 12 15 12 21 19 22 0 0 0 0 0 117
3 6 15 8 10 12 21 26 30 50 25 0 0 0 206
4 4 6 8 10 12 25 16 25 50 25 35 0 0 220
4 4 6 12 10 12 23 20 18 50 25 0 0 0 184
2 10 6 12 5 6 18 21 15 50 25 35 40 0 245
3 6 0 16 20 18 24 21 22 0 25 0 40 35 230
2 4 9 8 10 6 19 16 26 50 25 0 0 0 175
2 4 6 8 15 6 20 17 27 50 25 35 40 0 255
1 4 6 12 10 18 22 20 0 0 25 35 40 0 193
4 4 9 8 10 30 18 20 20 50 25 35 40 35 308
2 6 6 8 10 12 22 17 0 50 25 0 0 0 158
2 4 3 8 10 18 20 17 18 50 25 0 0 0 175
3 4 9 4 10 12 25 24 9 50 0 35 0 0 185
3 6 6 4 10 12 19 19 13 0 25 0 0 0 117
1 4 9 12 10 12 21 25 0 0 25 35 40 0 194
2 2 6 8 10 12 20 0 0 0 25 35 0 0 120
1 4 6 12 15 18 26 27 0 0 25 0 40 0 174
2 4 3 8 15 12 23 27 27 50 25 0 40 0 236
2 10 15 8 10 12 20 19 15 50 25 0 0 0 186
3 6 12 12 10 6 17 23 17 0 25 35 0 0 166
2 4 6 8 10 12 22 18 29 0 25 35 0 0 171
2 4 3 8 10 24 20 10 14 50 25 0 40 0 210
2 4 9 8 15 6 20 20 10 0 25 35 40 0 194
1 2 6 8 10 12 26 0 18 0 25 35 40 0 183
2 4 12 8 10 12 23 24 27 50 25 0 0 0 197
2 2 9 12 10 18 22 25 0 0 25 35 40 0 200
4 4 6 16 10 12 22 14 30 50 25 0 0 0 193
2 2 6 8 10 18 23 17 16 50 25 35 40 0 252
2 10 6 8 15 12 22 20 15 50 0 35 40 0 235
2 4 6 12 15 12 19 24 0 50 0 35 40 0 219
2 4 6 8 5 18 22 15 0 0 25 35 40 0 180
1 4 6 12 10 12 25 20 25 50 25 0 40 0 230
2 4 6 8 5 12 20 17 26 0 25 35 0 0 160
2 4 15 20 10 6 17 22 25 50 25 35 0 0 231
4 2 3 8 10 12 19 16 18 50 25 0 40 0 207
2 2 6 8 15 12 21 27 19 50 25 35 40 0 262
1 4 6 8 25 24 18 15 21 50 25 35 0 35 267
2 4 6 8 10 12 25 0 6 0 0 35 40 0 148
1 4 9 8 10 12 18 24 9 50 25 35 40 0 245
2 6 6 8 10 6 18 20 0 0 25 0 0 0 101
2 6 6 8 10 12 23 22 30 50 25 0 40 0 234
1 4 6 4 10 12 24 0 28 50 25 35 0 0 199
2 4 6 8 15 12 23 21 14 50 25 35 40 0 255
2 4 9 8 5 12 17 15 0 50 0 35 0 0 157
4 4 6 8 10 6 23 24 25 0 25 35 0 0 170
1 4 9 12 15 18 21 27 24 0 25 35 0 0 191
1 6 6 8 10 12 25 22 0 0 25 0 40 0 155
2 4 9 8 5 18 18 21 0 50 25 35 40 0 235
3 4 6 16 5 12 22 25 13 0 25 35 40 0 206
1 4 15 8 10 18 23 17 20 50 25 35 0 0 226
4 2 9 12 10 24 19 25 17 50 0 0 40 0 212
1 4 6 8 10 12 22 16 28 50 25 35 0 0 217
2 4 12 4 10 12 21 21 22 50 25 35 40 0 258
3 4 3 8 10 12 17 10 20 50 25 0 40 0 202
2 4 15 4 10 12 20 14 9 50 25 35 0 0 200
2 4 6 4 10 12 23 13 25 50 25 0 0 0 174
1 6 3 8 10 12 22 23 20 50 25 35 40 0 255
2 4 6 8 10 12 20 10 12 50 25 0 0 0 159
1 4 6 12 10 12 23 21 0 50 25 0 0 0 164
2 2 6 8 15 18 21 24 25 50 25 0 0 0 196
2 4 6 4 10 12 20 0 0 0 25 35 40 0 158
3 4 6 4 10 12 21 28 24 50 25 0 40 0 227
2 4 6 12 10 12 22 24 0 0 25 35 40 0 192
3 2 9 12 10 6 21 24 0 50 25 35 0 0 197
3 2 6 8 10 12 20 20 27 50 25 35 40 0 258
2 4 0 8 25 12 22 12 22 50 25 35 40 0 257
2 6 6 8 10 12 23 20 0 0 0 0 40 0 127
1 4 6 8 10 12 24 23 11 0 25 35 0 0 159
3 4 3 4 10 18 24 19 25 50 25 35 40 0 260
2 4 6 4 15 12 23 16 17 0 25 35 40 0 199
1 4 6 8 10 12 23 15 0 50 25 0 0 0 154
3 4 12 4 10 12 23 13 21 0 25 35 0 0 162
2 2 6 8 15 12 22 24 21 50 25 0 40 0 227
2 6 6 8 10 12 21 27 0 50 25 35 0 0 202
2 2 6 8 10 12 20 0 26 50 25 35 40 0 236
3 6 6 12 15 12 21 26 0 0 25 0 0 0 126
1 8 3 16 10 30 21 15 27 50 25 0 0 35 241
2 4 6 4 25 12 20 24 24 50 0 35 40 0 246
2 10 15 4 10 12 19 16 19 50 25 0 40 0 222
2 2 3 12 15 12 22 27 0 0 25 0 40 0 160
2 4 6 8 5 30 20 24 18 50 25 35 0 0 227
2 4 9 8 10 12 23 21 14 0 25 35 40 0 203
2 4 6 8 10 12 21 0 0 50 25 35 0 0 173
2 2 3 12 10 12 24 26 23 50 25 35 40 0 264
4 4 15 4 25 18 23 18 16 50 25 0 40 35 277
3 4 6 4 10 12 20 24 21 0 25 0 0 0 129
2 4 6 8 10 12 23 23 30 50 0 0 40 0 208
1 6 9 8 10 12 20 18 27 50 25 0 40 0 226
4 2 6 8 10 12 24 22 30 50 25 0 40 0 233
2 10 9 8 10 12 22 16 25 50 25 35 0 0 224
2 4 12 8 5 12 21 21 13 0 25 0 40 0 163
2 4 6 4 10 12 21 8 30 50 25 35 40 0 247
1 6 6 8 10 6 20 10 16 50 25 0 40 0 198
2 6 3 12 10 12 23 24 27 0 25 35 40 0 219
2 8 9 4 10 12 19 23 30 50 25 0 40 0 232
2 6 9 12 10 6 20 16 0 0 25 35 40 0 181
1 4 3 8 10 12 23 16 21 50 25 35 0 0 208
2 4 6 4 10 12 19 23 27 0 25 0 40 0 172
2 6 6 8 10 6 19 20 10 0 25 35 40 0 187
2 4 3 4 10 12 18 19 11 50 25 35 0 0 193
1 4 3 8 10 18 22 22 27 0 25 35 40 0 215
1 4 3 8 5 12 26 17 24 50 25 35 40 0 250
2 4 12 8 10 18 18 26 20 50 25 35 0 0 228
3 2 12 12 10 6 24 27 21 50 25 0 40 0 232
2 8 6 8 15 12 21 16 14 50 25 0 0 0 177
2 2 6 8 10 12 22 24 27 0 25 35 40 0 213
4 8 6 8 5 12 22 13 18 0 25 35 0 0 156
2 2 9 12 10 24 21 28 18 0 25 35 40 0 226
3 4 6 12 10 18 20 24 20 50 25 0 40 0 232
1 4 3 8 10 12 24 0 0 0 25 35 0 0 122
2 4 6 8 10 6 21 19 0 0 25 35 0 0 136
4 2 9 8 10 12 22 21 20 50 25 0 40 0 223
3 8 6 8 15 6 21 20 13 0 25 35 0 0 160
1 6 6 8 15 12 21 24 0 50 25 35 40 0 243
1 4 6 20 10 12 21 17 20 50 25 35 40 0 261
2 4 6 8 5 12 21 23 25 0 25 35 40 0 206
2 4 6 8 10 12 20 17 12 50 25 0 40 0 206
2 10 3 4 10 6 19 22 18 50 25 0 40 0 209
2 4 9 8 10 18 22 19 0 0 25 35 40 0 192
1 4 6 16 10 12 24 18 21 0 25 35 40 0 212
4 4 0 4 10 12 19 28 26 0 25 35 40 0 207
2 4 12 8 25 12 21 19 21 50 0 35 40 35 284
5 8 3 16 10 12 24 14 26 50 25 35 40 0 268
2 2 3 12 10 18 24 28 0 50 25 0 40 0 214
2 4 3 8 10 12 22 0 17 50 0 0 0 0 128
1 4 15 8 10 6 24 16 14 50 25 35 0 0 208
2 4 6 8 10 12 24 0 0 50 25 35 40 0 216
2 4 6 8 15 12 22 17 0 50 25 35 0 0 196
2 2 6 8 10 12 23 10 0 0 25 0 40 0 138
2 6 6 12 10 18 21 18 0 0 25 35 40 0 193
2 4 6 4 10 6 20 17 30 50 25 35 0 0 209
1 4 6 8 10 12 20 7 14 0 25 35 0 0 142
2 4 6 8 10 12 21 24 0 50 25 35 0 0 197
2 6 6 8 10 12 23 15 25 50 25 35 0 0 217
3 8 9 8 5 12 20 18 15 50 25 35 0 0 208
4 8 3 8 20 12 20 23 27 0 25 35 40 0 225
2 4 3 8 10 12 24 25 10 0 25 35 0 0 158
4 4 6 4 10 12 20 25 28 0 25 35 0 0 173
2 4 9 12 15 18 20 25 12 0 25 0 40 0 182
2 4 6 8 5 12 22 15 0 50 25 0 40 0 189
1 4 6 4 10 12 20 15 9 50 25 35 40 0 231
2 4 6 8 10 12 22 21 18 0 25 35 0 0 163
2 6 3 8 10 12 26 21 15 50 25 35 0 0 213
2 4 12 8 20 12 20 18 14 0 25 35 40 0 210
1 4 3 12 10 12 20 19 9 50 25 35 40 0 240
4 6 9 20 15 30 23 21 18 50 25 35 0 35 291
2 4 9 8 5 12 23 19 0 0 25 35 40 0 182
2 2 6 8 10 12 21 20 26 50 25 0 40 0 222
3 4 3 12 10 18 19 24 8 0 25 0 40 0 166
2 4 6 8 15 12 18 24 0 50 25 35 40 0 239
2 2 9 8 10 12 22 25 0 50 0 35 40 0 215
3 4 6 8 10 18 20 19 7 0 25 0 0 0 120
1 4 6 4 5 12 24 16 20 50 25 35 40 0 242
2 4 6 8 10 6 19 10 0 50 25 0 40 0 180
2 4 3 4 10 12 20 0 0 50 25 35 0 0 165
1 4 3 12 20 18 22 24 21 50 25 0 40 0 240
4 2 9 12 5 12 24 24 14 0 25 0 40 0 171
1 6 3 16 5 12 24 15 17 50 25 35 40 0 249
1 4 6 8 15 12 25 27 22 0 25 35 0 0 180
2 6 9 8 15 18 25 17 21 0 25 35 40 0 221
2 4 6 8 10 18 24 18 0 0 25 35 40 0 190
4 4 6 8 10 6 21 24 24 0 25 35 0 0 167
2 4 6 8 5 6 21 0 0 50 25 35 40 0 202
1 4 6 8 10 12 21 11 7 50 25 35 40 0 230
5 6 3 4 15 12 19 22 19 50 0 35 0 0 190
3 2 6 8 10 12 17 23 15 50 25 35 0 0 206
2 4 3 8 10 30 25 8 18 50 25 0 40 0 223
2 4 3 8 10 12 23 0 17 0 25 35 0 0 139
1 4 6 8 10 6 21 11 0 50 25 35 0 0 177
2 4 6 16 10 6 24 19 21 50 25 0 40 0 223
2 4 6 12 15 12 22 19 12 0 25 35 40 0 204
2 4 6 8 10 12 25 0 0 0 25 35 0 0 127
1 4 6 8 10 12 23 18 0 50 0 0 40 0 172
3 4 6 8 10 12 23 21 29 50 25 0 40 0 231
2 4 3 8 10 12 21 24 6 0 25 35 0 0 150
2 6 9 8 10 12 21 15 22 0 25 0 0 0 130
2 2 6 12 10 12 21 19 26 50 25 35 40 0 260
2 6 6 8 15 18 17 22 20 50 25 35 40 0 264
2 6 6 8 10 18 22 27 12 0 25 35 40 0 211
2 8 9 8 10 6 24 21 14 0 25 35 40 0 202
2 4 6 4 10 12 21 24 9 0 0 35 40 0 167
3 2 9 20 10 18 21 19 30 50 25 0 0 0 207
2 4 6 12 15 12 18 25 21 0 25 0 0 0 140
3 6 9 8 10 12 17 24 23 0 25 35 0 0 172
2 2 6 8 5 12 20 12 13 0 25 35 40 0 180
3 4 9 8 25 6 22 25 11 50 25 35 0 0 223
2 4 6 8 10 12 21 15 16 0 25 35 40 0 194
2 4 9 8 25 12 19 24 14 50 25 0 40 0 232
2 4 6 8 10 12 21 6 22 0 25 0 40 0 156
2 6 9 8 10 12 26 19 0 50 25 35 40 0 242
3 2 9 8 10 12 25 20 0 50 25 35 0 0 199
2 4 6 8 10 6 22 27 13 50 25 35 0 0 208
2 2 6 12 10 18 23 24 0 0 25 35 0 0 157
3 2 6 8 10 12 21 22 0 50 25 35 40 0 234
2 4 6 12 15 18 23 21 7 0 25 35 40 0 208
3 4 6 8 10 12 19 11 26 0 25 0 0 0 124
4 6 6 8 10 12 19 13 17 50 25 0 40 0 210
1 4 6 8 5 12 21 23 0 50 25 35 0 0 190
2 4 6 8 10 12 21 17 0 50 25 35 0 0 190
2 6 9 8 5 12 22 24 18 0 25 35 0 0 166
3 4 12 16 15 12 16 25 16 50 0 0 40 0 209
2 6 15 8 10 12 22 27 15 50 25 35 0 0 227
2 4 9 4 15 18 19 25 0 50 0 35 40 0 221
1 4 6 8 5 12 23 26 18 50 25 35 40 0 253
2 4 6 8 10 12 25 0 0 50 25 0 40 0 182
2 4 6 8 10 12 22 16 0 0 25 35 0 0 140
2 2 6 8 10 12 25 20 15 50 25 0 0 0 175
1 6 12 8 10 12 20 22 28 50 25 35 0 0 229
2 4 15 8 10 12 18 21 25 50 0 35 40 0 240
2 4 3 12 20 18 24 22 26 0 25 35 40 0 231
2 4 6 4 5 12 20 17 24 0 25 35 40 0 194
2 2 9 8 10 12 18 20 5 50 25 0 40 0 201
2 4 6 4 10 12 20 20 13 0 25 35 40 0 191
2 2 12 4 15 12 22 25 26 0 25 35 40 0 220
3 4 3 16 10 12 21 17 23 50 25 0 40 0 224
3 8 12 8 10 12 20 12 20 50 25 35 40 0 255
4 2 6 8 10 12 23 14 22 0 25 35 40 0 201
2 4 6 8 25 30 22 14 18 50 0 0 40 35 254
5 6 15 16 15 18 17 23 29 50 25 35 0 35 289
4 6 9 8 25 12 22 20 18 50 25 35 0 35 269
1 4 3 8 10 12 22 14 22 0 25 35 40 0 196
2 10 12 20 25 24 18 15 24 50 25 35 40 35 335
2 4 9 8 10 24 18 18 21 50 25 0 40 0 229
2 6 9 8 25 12 23 19 21 50 25 35 0 0 235
2 4 3 8 10 12 22 0 16 0 0 0 40 0 117
1 4 6 8 10 6 21 11 6 0 25 35 40 0 173
2 2 6 8 15 12 22 25 21 0 25 35 40 0 213
4 8 9 4 15 18 22 22 27 50 25 0 40 0 244
2 6 12 12 15 6 24 26 12 50 25 35 40 0 265
2 4 9 12 10 12 25 26 8 0 0 0 40 0 148
2 2 6 8 10 18 22 20 5 50 25 35 0 0 203
2 4 6 8 10 12 23 14 0 50 25 35 40 0 229
2 4 6 8 10 12 19 8 22 50 25 35 0 0 201
2 4 6 8 10 18 21 16 0 0 25 35 40 0 185
1 4 6 8 10 18 25 25 19 50 25 35 0 0 226
4 2 6 16 5 6 15 15 18 50 25 35 40 0 237
2 4 9 8 10 6 17 18 17 0 25 35 40 0 191
3 6 6 8 10 12 18 22 8 0 0 0 40 0 133
2 2 9 12 15 30 20 17 26 50 25 35 0 35 278
3 4 6 4 10 6 19 20 24 50 25 35 0 0 206
3 10 3 20 20 18 24 23 18 50 25 0 0 35 249
2 6 6 8 10 18 21 14 21 0 25 0 40 0 171
2 6 3 8 10 12 21 21 25 50 25 0 0 0 183
2 6 6 12 15 12 23 21 25 0 25 0 40 0 187
2 2 6 8 15 24 26 22 28 0 25 0 0 0 158
4 4 3 8 15 12 22 25 30 50 25 35 0 0 233
3 4 6 4 10 18 22 21 24 50 25 35 40 0 262
3 2 6 4 10 12 26 23 19 50 25 35 0 0 215
2 10 6 8 25 12 22 12 25 50 25 35 40 35 307
1 6 6 16 10 18 19 27 14 0 25 35 40 0 217
3 6 9 4 10 12 20 17 18 0 25 35 0 0 159
2 4 6 12 15 6 19 22 28 0 25 35 40 0 214
3 4 12 16 25 6 20 23 29 50 25 0 40 35 288
2 6 9 8 15 12 25 28 0 0 25 35 40 0 205
2 4 9 8 10 12 21 15 0 0 0 35 0 0 116
