23126
31246
15634
46252
34256
21633
26323
51231
21462
64626
36145
65112
26165
15426
11611
42413
46464
54441
26626
34266
63221
12256
15262
42221
35564
31365
35121
34461
23645
61562
44141
13523
65411
44415
32521
44251
22222
42421
35323
22212
51253
26414
36433
31221
61526
36212
64612
33136
15535
26154
11346
11111
54354
15626
23435
55312
16546
15331
41314
45514
11452
31452
16341
51214
43255
12222
12514
11111
41314
13425
61165
55531
25543
62354
33333
24626
56536
43333
16615
64235
34433
24166
25354
32432
46342
33243
31241
22166
13244
44612
41652
22226
66453
54231
43265
42611
52522
21265
15333
43361
24612
32633
22456
31226
66666
36544
11133
66666
44426
44444
23653
33333
51451
44445
41662
34512
65631
55555
25212
61136
46131
32466
62143
11625
21345
32633
32544
31615
55451
55423
33133
65642
13526
11463
34512
45116
44555
14512
23542
44552
16321
14153
62153
13164
36146
22222
33355
45235
26145
11531
12435
22514
62426
14352
16134
53553
46112
35124
44111
66646
21622
41523
33351
66666
42341
23412
11663
66535
62354
52413
61216
11223
15464
12511
44563
55515
46532
32511
42154
41252
55344
42244
21221
55111
64253
43111
51515
44144
36435
52413
13462
31443
51446
12215
23124
61456
41352
56615
61622
33336
22355
44222
22624
62433
11151
31131
13151
16324
25231
22222
26523
25131
53313
53435
65124
31441
63455
15111
11666
66266
33234
41115
16466
65655
41614
11616
33546
41243
66645
62425
23114
16666
23455
31431
36615
16666
12432
24444
22222
54362
33322
62163
16166
36114
42211
25345
26134
42244
36262
42654
26341
52422
63111
46254
11215
53446
11111
35642
62231
24513
26445
12525
35341
53323
13245
14251
52364
22155
55444
15421
16452
26222
41636
42243
41543
56122
63365
34233
62512
66345
44224
23534
12522
46221
51423
11111
55324
62324
46343
66111
15511
44454
66316
24646
42422
43333
62543
34513
65324
34331
11121
22632
23622
63646
12133
53454
14466
64352
64416
36142
65233
11111
55456
13145
13335
14365
14243
14662
64244
22121
45356
22222
25555
24114
11436
66366
16441
34114
44555
35544
62244
22536
42326
12343
55555
45266
34641
35114
26445
62132
44216
66666
16355
63323
36243
51423
32346
25656
33343
34251
43426
21656
14551
13126
33326
14335
46366
54114
33333
32454
31353
34443
35542
36636
55162
23652
62156
23155
16116
21236
23435
41156
23223
61642
51416
26222
43223
52541
21211
24323
66666
51154
53335
66666
13144
34526
22444
46413
63626
65541
32245
42616
61666
61463
62661
41245
15414
44444
31254
12266
44644
55155
65234
16253
44156
66331
26566
14146
16554
62646
31226
26124
65616
44343
64363
66413
44425
34611
23425
12224
43354
14215
55114
35551
41215
35216
21663
34231
65361
52445
16144
56434
41651
12413
16164
43655
24352
65335
22115
52324
21636
64154
11111
46231
26261
11111
14445
26564
31352
35322
14213
11616
12522
21512
13461
56443
41664
66662
53135
63116
11111
42365
64352
45345
36262
22512
55261
31245
21533
56234
55651
34243
61256
54143
52236
22523
41334
14325
55661
46636
55452
25252
55555
15556
55251
16661
26136
31532
46115
41156
54352
22262
34242
31134
66166
16256
13645
61232
36336
12211
61655
21242
55546
63646
56663
45211
43516
55355
33352
26331
36361
15135
11544
13324
62436
34652
11435
13133
45323
36546
12366
11111
45352
54243
22222
35553
11311
46532
13462
35341
23311
24144
44551
31365
52436
46313
31245
55563
52562
23446
22266
56632
43243
65522
31544
46121
15353
43155
51255
12133
22421
55352
63126
41414
52665
35322
21246
55115
53413
56611
32465
24633
44466
25236
24313
45224
42325
36343
41252
44444
45615
32456
66665
46356
11243
43632
42213
14253
53444
55253
56243
61665
24461
15621
22611
23112
61211
53254
12222
33353
11111
12245
23122
35614
14315
55531
55644
24156
64535
54532
61335
46263
53234
43251
63162
43221
62231
46253
61111
54165
21121
53234
64325
51253
61166
21651
35143
65534
32541
32514
64532
62511
11341
26623
46312
14156
16655
53263
55555
34363
11111
15324
33324
33333
31236
14223
43132
45634
55562
66555
52222
51135
61665
34355
33333
26213
52246
65423
26661
35456
23415
23142
55443
34562
22222
36465
22223
22512
24313
24255
55555
34564
11111
63242
65421
61314
64261
62123
56565
25431
15251
46643
62522
41644
11111
33233
61465
15623
33662
14421
55666
12125
44122
53623
46434
21543
25266
56656
54553
64132
44435
36121
23445
25353
25416
44611
25534
42263
22113
41435
36241
55565
41135
34451
23522
21641
34525
46423
54123
51151
11116
22221
42534
63263
32456
55564
22143
36323
36452
24661
55165
65616
16162
14555
23222
45342
51323
53361
66121
51136
22655
13542
61425
25643
65253
35214
14516
63523
63522
63544
55134
52514
46533
43256
21332
43652
26314
22222
46641
61435
13463
66254
51344
65131
55225
34444
26416
54333
32136
14321
35142
22222
46615
21225
14512
51245
65551
41663
11413
61311
35223
35441
36666
64542
66566
31452
12165
22212
22222
41341
43442
23225
42665
34622
46661
65643
23656
23226
43221
51212
24626
42545
35246
31433
26362
21156
12463
42653
66661
63455
42564
22222
64644
11254
16416
12251
42315
66343
31434
23446
65551
61163
63421
53553
66644
62664
56644
45424
64564
66415
24113
11111
35434
16312
34456
64412
11231
36525
66544
61343
35666
41213
22545
34214
46533
62241
46133
14363
34415
43112
25314
55556
32336
54255
54641
51555
64541
31316
43111
15254
24144
44651
34352
33333
42543
31441
54246
45616
45362
43362
44351
33264
21364
45542
41442
25363
42334
23153
25665
13342
14424
16564
14663
41331
22155
51346
23651
31323
61666
15511
33333
42333
44456
46441
55113
34434
31526
51444
24123
52246
14425
11165
64664
12111
45364
13364
51623
43625
15616
56635
54233
26634
62214
66352
24563
13424
41342
63554
42646
24555
53533
65431
15156
55314
64515
44422
11436
66626
44414
12645
31363
13341
66552
24453
35213
16144
15633
62325
16222
44242
51135
32432
62664
61356
44453
51533
12162
45415
15243
61435
26324
41632
34126
22161
45533
23541
11313
21112
26622
43125
31135
21322
36562
51343
34361
64411
66666
55454
22222
32134
23333
44446
63146
14522
54656
45122
66256
33354
66666
13524
33224
46252
22442
16546
46253
62264
15615
61165
11111
21534
23135
32455
44556
55555
11652
11161
53142
22222
15111
33334
36121
54212
35421
11611
43342
26125
45411
35152
11155
52134
66333
54646
66523
22232
54556
65322
12345
22222
25611
36463
11261
64534
12534
52124
63131
25453
52562
15434
46211
66435
24362
35211
22322
41664
46211
52431
32325
32232
62351
12556
53462
11642
33355
32621
56522
42111
51613
54563
54362
66632
52241
46312
35452
23634
44411
33355
56333
62625
16412
25512
12412
42611
31311
54232
63645
22654
46353
45555
62263
32564
13651
46561
52666
15431
31154
52542
16432
63633
14344
52452
45242
11166
22222
51141
22563
23333
21354
46416
44441
22222
21543
52355
23466
52635
64354
42533
55445
32463
14233
25116
23645
44111
16543
31245
66615
13645
32532
62231
46321
21435
61333
15444
16444
43653
23631
25652
36621
32656
66352
13131
41423
21541
63226
52364
65414
64523
55435
43562
56364
33633
61544
16165
25226
55232
26124
31346
43512
41542
46255
13313
23222
34345
12666
64262
32543
36313
54145
55166
22355
55555
62416
51243
56211
14444
15234
55552
25364
41614
14532
34534
42613
11144
33421
43636
55333
41256
25636
23316
23631
63466
55423
33315
24342
35425
51226
11111
33333
64636
44556
44454
56565
65235
51535
64461
32546
24635
13644
65432
21446
34214
51334
62536
54665
62325
15432
36663
46164
14662
36414
62161
55415
13133
52545
52545
43522
35635
15561
12415
33222
43361
63533
55521
42633
43653
12314
21412
65614
64163
13245
33151
42232
11122
22222
54525
21414
11261
35342
53565
34414
44535
35342
45345
42443
32232
44215
35535
31541
26336
33344
23532
22121
44444
62222
44444
62222
62143
36333
53216
45322
62223
33333
13645
11335
43146
23652
23122
12212
31143
66544
23166
11131
44222
14216
13333
33463
14352
13624
11116
34244
63135
43656
53336
32365
42653
11321
44434
66666
33524
45516
52463
12166
32353
65245
52123
34213
53225
11151
26666
23446
26532
25652
45163
32151
22353
41216
14416
45354
64445
34456
44564
16461
62262
56156
31234
13526
24236
31343
63451
65314
65565
13353
23313
24143
64664
11161
15342
41641
22222
15251
62143
12434
66666
13111
25222
33636
22222
44444
32412
65436
13554
23145
11655
22222
65335
63532
53126
33365
45611
15256
61145
46264
11442
51443
63553
44364
33333
64231
56166
33332
22322
55555
41636
14151
11252
42315
25222
44444
66155
14166
42563
32553
33416
45133
11113
11535
63542
34443
64545
56533
53636
62222
51621
13222
22423
66666
11311
62162
14145
26115
33413
36666
42215
62123
44162
31311
13533
14623
64621
41111
33156
14564
25124
56141
22156
11623
14114
21314
45455
63526
52351
55665
13232
62622
64551
46413
32543
33336
61242
63333
26264
26632
41522
33213
34625
51141
66543
45264
66621
42626
14165
42611
55555
35556
34212
44156
43522
36232
13625
12156
12311
12433
36142
34334
66611
55551
44335
55554
26526
33235
15544
45566
61266
36362
15143
13523
44352
55611
55555
43553
41444
66666
55415
25235
55555
13246
65644
44446
34336
12221
66464
12661
32642
61621
25656
41346
53464
45326
11111
24431
62146
65331
45364
66463
12221
13564
35514
22242
43541
14153
66556
34666
16662
13133
51261
51616
51433
55555
55643
14334
43125
36321
33645
26434
21653
54362
11161
64664
26655
24553
11111
41626
21534
44224
23112
44444
44444
26645
22224
15555
66316
11111
14111
24441
25326
22212
33331
22234
26435
54325
15112
63432
35533
24525
21632
41251
13334
11254
44144
41411
55135
34321
14532
33542
53441
26353
55555
66666
51652
21534
43233
22222
36223
55555
46342
22222
13254
12232
32333
44656
43433
11111
61244
35325
16546
32256
12552
54623
21135
22543
16425
62635
64311
33442
43314
66511
33615
21156
61435
62264
55254
56632
13343
56251
32655
21211
54442
42313
24463
31122
26315
45342
21212
22661
51163
53553
16324
54231
22264
51135
31242
52342
35462
11321
33311
51144
32223
43616
61433
41664
54455
36112
14533
41332
12511
55265
46654
33161
26613
33333
36313
55456
23536
21141
54151
46135
34214
35413
66424
55222
55555
45351
43152
15432
51431
44431
35624
41441
35543
33225
55644
22136
45464
43323
21163
66234
26156
41522
11451
46555
64352
12213
33333
22223
44444
35223
22222
52543
13455
24226
35113
61366
51455
42131
25352
35334
21321
32124
23314
64211
22523
36543
43145
63153
24531
45444
66666
33544
21451
26435
22262
63624
31654
66531
22241
44544
61155
44333
31325
14621
34564
13415
15555
44424
32463
14325
12535
36542
12354
31241
66666
16235
23516
65315
45542
23253
52225
24212
22552
13345
42536
46133
41336
46356
23226
35414
22126
64116
25212
45523
42513
62611
55555
61146
65564
45123
25413
53216
35435
41235
61111
32226
64112
32245
22433
41341
24513
24362
54213
66265
13665
61161
51162
44444
33121
26262
45612
22331
66311
21163
23413
31542
55515
55555
15342
14335
41414
11111
65441
51452
53644
31254
46161
16612
55524
55554
63333
53355
66314
53444
36326
35432
14146
31314
34264
64266
15234
24326
54642
26412
53642
56243
45133
14125
24545
55656
36533
22222
66561
43262
42622
14656
24442
31223
54312
66361
51315
64446
24224
51232
34355
56666
26666
66646
43432
21224
11265
11566
63524
26255
22254
52222
21225
55255
24623
32421
25114
11113
13612
11121
63143
61543
64644
31141
36544
53621
56165
41444
11436
44424
34661
24426
55316
16643
41645
25133
34242
34224
21332
66666
66116
56366
43354
66261
53152
56623
32544
14153
55535
65366
33155
22522
62453
64152
22135
33346
21566
36616
36324
15661
46612
43123
42663
53655
66326
35641
33331
64532
13254
36336
45165
23546
52314
33331
54536
22134
55555
61141
16115
31535
61266
26224
25343
16345
53151
64443
63153
24424
55656
24513
55555
36212
61123
22631
62625
51365
21354
43332
66632
45455
54342
26645
21211
12166
14621
33321
44515
16636
44162
66635
46364
14515
66666
33223
33333
44611
15354
51616
15336
22211
24515
53666
64546
13151
34436
32536
23362
35525
66636
45241
16124
35412
34625
13516
42664
35335
55231
44444
61154
46332
53412
22654
22222
31655
23364
16235
55116
55555
61512
61166
55552
31524
61446
62226
15234
14562
11526
33333
25342
35421
54646
54626
55415
26534
55522
33136
24425
56565
55555
64155
15215
42653
54616
33633
54555
62524
15255
15543
42663
63412
11522
11355
34122
45545
44446
12536
43112
55555
56544
14414
12544
43346
44445
42255
61411
65234
55421
34324
11111
62631
26456
36666
14626
21322
16163
43652
54321
31561
53353
22546
66424
12616
56343
44444
24213
35222
33633
14542
22243
35265
52446
36345
13631
65155
33323
65551
31644
24563
44441
56543
34526
34222
44633
16265
46165
66666
22225
51542
12425
55664
63634
31341
21122
11135
26531
14641
31254
43214
32613
55422
54366
13465
12435
41414
36361
33333
66665
23211
55555
23463
14451
36566
56664
36524
32135
35336
65444
43526
55212
23341
64325
23624
64635
62344
35511
22643
14551
12625
64664
33333
66612
35161
31344
44243
24464
55555
11236
53553
66225
46253
65641
24365
51222
35224
12243
31551
41323
22222
45143
15341
12316
34424
16234
41532
11416
55555
54432
44532
64133
26261
34266
62464
33333
55441
21321
36142
16354
56616
42254
51114
65663
46331
53555
46446
56616
21515
14214
55645
51511
26114
33132
31616
46663
45131
66543
25113
64444
35412
11443
63565
62532
65511
55315
66666
14163
11344
26443
26223
35322
33333
66363
53555
46216
23213
32534
13135
14564
65133
41531
11266
33614
51155
22222
44444
16655
21543
51414
56355
35346
11221
43351
63363
46414
43333
62563
53463
65555
35246
55555
21223
44264
23322
53635
46461
16635
32444
65334
44414
35635
23163
21466
42443
34413
36631
33131
22222
55512
12534
36133
52666
32542
41631
23321
26353
13542
15335
63412
15151
44444
61653
32122
54511
23564
23262
53422
16331
16642
32243
62124
64351
65416
35546
14624
46561
26253
62224
65423
24444
21164
16344
34554
14444
53151
35643
33343
15511
13531
32163
22452
46155
32452
43542
16651
24541
55235
36633
61332
45361
35233
15156
13365
13621
31334
34265
21664
54451
63633
65243
31261
11122
34653
35421
52621
23333
11264
22222
11134
35516
13365
65154
61556
51252
34664
21116
61451
53421
21352
62551
36361
22222
66666
63415
25346
23623
43254
51145
34211
14653
64535
14232
65166
66544
36312
33334
14166
52342
64355
35141
25555
16321
52111
13241
51451
53614
56664
26523
16443
65556
44514
32635
33333
16323
44231
63321
42113
64351
35535
63416
53336
64453
46152
31425
23213
12111
26341
56634
21212
61566
55555
14521
45436
34351
35214
16432
41653
34532
12211
33333
62521
24532
54534
42124
42334
11244
42232
32452
56312
13111
55533
13455
13254
54116
45514
14354
42242
64345
21315
54254
33333
42125
66266
16314
52312
31316
55515
11654
14532
13421
33333
51341
66655
14563
64353
65326
65523
11651
43625
51424
56342
11463
55412
46124
45544
22224
66524
46516
51531
62345
53324
23333
42531
52314
43121
14132
42153
42432
32222
22365
54136
64144
21512
32522
25454
62345
12523
51664
32633
35141
14111
61325
34651
46526
43341
26454
14162
42652
32543
23514
62142
21654
35262
61155
35261
52614
44555
61211
22532
65413
24635
24513
23651
56464
21345
14213
35135
55416
11231
32464
43165
15453
62221
56662
24542
61562
32641
44444
61515
64263
36341
22626
55555
33333
13236
25522
51531
11141
53335
41126
25225
62515
43666
44344
42145
31261
66666
13565
63445
24514
63225
35544
15111
53542
54132
41325
33555
61115
32546
34265
15446
46366
25354
62616
36162
32164
14154
62534
55556
24352
36352
13456
12613
33333
61446
65653
35461
34351
53434
14243
35143
22633
51365
62163
31111
11213
36322
54312
11232
26616
13644
22413
43145
61326
45514
55555
55555
45316
44625
36134
16123
52454
44251
65565
43666
62112
15656
11464
53553
14133
46341
53525
15511
26511
15561
52552
64325
65244
56434
61166
46266
63332
63625
34324
66434
51555
35264
14462
55265
22221
22222
53162
51243
14421
44331
51441
25162
56665
54553
36416
56534
42345
64423
46424
52555
35351
35244
56153
64513
31453
26442
66656
31551
55511
43436
62231
16545
31465
43231
31542
55655
65514
62315
24443
45634
34464
55215
65315
55654
54126
25352
65245
33643
15313
45133
11111
41411
44532
62662
33164
22266
64532
13146
32613
36425
15634
31135
66666
14416
54642
31513
43654
34265
16116
62335
15324
46322
34353
45555
52555
43162
11111
63363
33333
52511
56535
35222
53225
61434
22266
33333
36145
55533
61113
15243
15555
63232
43234
36325
15421
11111
62416
32415
45362
22525
55555
16632
64425
11111
53252
22125
53424
55566
26435
42513
56565
21516
61365
21613
15642
65626
16226
64162
45454
56362
54611
51525
66666
11111
14253
41412
24164
65262
56432
36336
63421
52464
62526
46235
63342
14633
56444
12122
51464
11361
43265
33333
11133
21424
26452
25515
34333
24115
35124
13331
31362
11634
66146
34433
25622
33663
24421
43643
13464
36451
26311
41364
44444
12624
35443
43342
15243
32454
63211
34523
45143
42222
14215
44466
65545
14115
51424
41442
41253
55666
23232
55661
32534
44444
11133
24436
64512
64461
65156
14511
11131
66262
62533
43122
66226
41543
56146
65323
42513
13342
54413
21114
66325
63541
43143
55252
32465
35266
23326
43211
16655
52256
51341
11141
26334
11111
63515
32145
22333
51521
46535
41435
25522
62155
55244
55111
33214
62144
56265
22222
12354
35624
21161
12534
45132
44622
55264
42442
41235
64314
43233
22221
44444
22222
11662
52346
61641
44444
55663
66666
32332
24521
13641
31554
24563
55631
42512
23214
44662
45346
55341
31562
13311
32363
21643
44444
34512
36211
21443
33555
22222
53132
43532
53433
13235
14554
42152
55555
65164
41214
56422
14416
35353
21664
45463
62311
46466
62622
35542
34333
46345
11111
35415
64444
21456
36666
53264
55266
12434
65642
32121
13243
32525
16434
55126
26543
44555
36416
11111
41151
62522
45442
11435
35222
34143
44463
12344
44456
32251
52164
55522
32132
33431
35454
25125
34461
66666
21651
65561
56666
26114
15551
12214
13422
46314
63254
44454
52126
11513
33366
52345
16333
22424
63254
66662
21424
36266
54213
33333
16535
63425
16141
55151
55222
52341
25251
15422
54232
36615
54455
53254
11144
25222
63544
35416
31111
35151
26662
35324
42166
63315
46534
24663
16345
45616
24544
33553
45666
53225
32645
35643
24343
24114
31333
45425
25314
53565
65634
11165
52555
11111
13131
44336
24536
46325
33443
22411
53445
13223
34415
44453
55255
25664
54444
21656
35563
63331
14646
25343
24134
36632
21355
65432
35644
16265
43624
25143
14341
36241
45621
63154
53124
15336
51646
22325
55135
51456
52413
11535
52211
31351
61546
64555
44444
64111
42635
62326
22623
24413
11121
24242
51342
36231
65561
52532
13361
42224
35165
51635
12615
22651
23436
25136
26625
45434
35622
33621
14511
63456
52525
11121
56321
24421
52236
13621
16333
26226
55555
22222
26125
65426
54326
45432
51356
46425
45653
62145
66336
65654
53535
54523
31431
44115
64151
13425
45543
51111
53553
44444
45656
12111
13244
56644
14341
61644
42565
34655
32661
63313
66666
65352
44123
55433
22345
14443
55634
23415
46423
34536
22444
42563
32241
65451
64335
32216
34562
63442
33154
14125
32422
44666
65522
46122
44321
35324
33333
54324
32614
65441
11412
14325
54123
51423
35426
44446
34635
24332
63316
11116
45431
14626
55545
44444
22322
43151
43143
51223
22534
35335
44445
31311
43312
43461
36643
16221
56346
33535
61646
23262
15555
25452
53533
46543
56533
12555
31233
34355
12112
35546
54444
64122
12315
61623
16545
15625
11111
24525
65425
42661
25514
41461
31163
54454
31424
16562
25164
22122
23126
12524
66556
52436
25343
46234
44444
65656
11321
23344
51621
41144
52113
54563
66466
23666
22622
46522
15654
66665
41121
22256
23246
13625
32645
43654
21636
51556
24126
65656
63226
55565
14443
66666
25633
52435
66363
41114
42365
51513
51131
66666
52555
44651
45233
33333
22432
55353
62236
53341
36466
22222
52644
46241
61462
44435
11515
34562
36141
63363
31436
46154
43161
13526
56314
64453
41532
63615
46435
46644
61451
23165
21212
15111
61623
32354
46536
31161
33563
62635
26614
62532
52632
22645
22351
22222
15431
55553
61543
16435
45154
35555
65433
22161
66215
56511
53346
16462
53515
21243
51425
22565
45555
63264
22332
44323
35542
33334
41521
31411
64156
42422
14531
52334
23322
25561
11111
54514
32164
14433
64433
43145
31253
32355
22341
56655
15243
55546
46633
33113
61111
45312
15516
33246
55521
66621
44446
53311
45264
52335
45545
32554
23563
54563
25336
62666
55331
62325
52535
24224
66666
64444
55145
61353
61122
52522
33334
62142
13324
44444
43354
43611
15441
55316
11442
25236
54321
65132
33624
52132
63513
51243
44444
62462
63342
56436
42443
42423
35114
43562
23354
13156
25363
64246
16114
63611
34526
42411
54326
52616
55112
36532
51524
41216
21134
36254
63666
53364
21446
42134
24566
55655
51453
54622
65436
34111
53523
25365
65441
26664
36236
24335
36645
54642
26453
35164
56354
65351
46115
64352
66335
66464
24426
36245
14662
44126
33333
55511
44224
43646
52363
32655
46251
65613
12233
63162
64466
33353
52655
44444
35555
63451
44114
33331
65165
24135
56343
22336
53312
45113
35661
13166
52246
33226
36245
22221
66666
66611
66455
11352
54136
61636
65611
21544
63625
12365
42316
53144
34265
13241
65345
33333
51465
21245
24216
56463
11562
46445
11131
13415
22213
44444
36144
66161
53333
22566
34256
54236
26411
16434
62622
23316
63166
12522
55121
63153
24224
63653
43634
64231
41132
54321
35234
42435
16211
66666
54256
13363
66631
32213
66666
45623
24543
33152
11611
33324
24244
16356
21416
52132
66666
54554
13461
41236
61311
44444
11311
34562
66222
16314
61435
41546
31325
64314
31661
62232
43222
25156
65134
54364
55625
62561
63346
56435
35226
65261
22435
63533
44114
14123
14616
45551
51632
62663
44435
32243
33331
55222
66616
44444
66611
56324
33533
44331
56632
31636
64352
22222
16432
41452
16342
24241
31151
62616
53513
24531
55555
14112
55216
11111
25355
53324
14436
15566
66666
22314
31225
33241
34111
35145
26265
22151
15151
33333
33113
64525
21411
35533
65415
64612
12211
23345
32465
24452
31664
53212
21211
44441
64341
65443
46336
55133
21222
41141
22252
33444
25436
52416
63236
42122
51211
44644
51534
32344
45644
62562
23612
64663
23535
35462
44445
45251
63316
22252
63235
64366
12412
23546
45423
12244
41222
33333
22142
33333
41634
11353
66512
26426
16516
52346
25614
51235
22122
21531
53421
41342
22342
55354
55525
61121
64536
23143
44645
16643
61245
35452
36244
55436
32336
53355
34656
32414
23511
43432
55555
42424
35343
64532
43333
66562
35115
42325
23465
14431
26514
15435
22354
34265
56511
33264
31454
51151
23365
16466
23515
35562
43546
66666
45253
45226
12225
35216
35151
31424
33333
63441
36636
22552
22245
24531
63141
15515
54366
55245
44333
32344
55234
21662
64141
11432
26345
11111
62354
14523
56366
22256
15111
53451
66534
66156
24225
46143
54444
53351
32322
61512
45515
52115
61321
55342
45126
61532
35651
11111
23363
31661
56432
41421
31526
45256
46146
42522
11144
54535
62256
22222
35624
55433
15442
45434
55346
42325
12631
16126
43656
44324
14365
35662
52265
62345
61441
14366
62554
15116
56162
26345
54263
15415
22222
66666
35146
11234
66454
22412
51366
52113
51513
42123
42222
44446
62523
33565
43256
54444
56454
55126
15624
15555
14441
12434
24533
42326
35642
12526
26143
32651
55235
62356
24115
35253
13455
64125
42135
36342
63461
32421
16144
65535
12414
46661
66432
24365
35462
63554
12133
23415
44555
36663
22224
14152
45321
63133
45444
53114
25461
64666
25152
53246
11463
34435
55635
25432
11111
41415
54336
22442
52556
55613
53246
13464
25143
33333
43111
26534
26511
21436
33333
44466
62345
43545
44444
12513
16232
34422
62143
62645
16314
41123
42223
11111
32142
64213
12211
22111
63654
12251
25461
45544
23223
66166
24342
31223
42645
12463
63633
14353
34336
24334
22222
64441
46166
31311
12445
43132
54325
52561
66353
34215
41415
33331
36651
54365
44446
22222
51523
65256
45352
46513
22225
23254
54233
15155
55512
26414
25312
14325
15131
26614
22222
56141
51626
14614
36132
35363
52112
33121
11551
33235
32456
22622
44444
12213
12433
31611
61654
66351
42515
36542
33616
26114
31245
21644
22222
14325
66461
54221
43434
62411
11316
34356
66634
21125
25646
55341
63636
15123
13322
66133
15363
11644
23145
12212
21636
44444
32112
52246
44444
44424
42636
12424
43256
21222
65361
63523
55424
64624
33233
56431
32414
16564
35544
12464
44446
65552
35425
22262
36546
32134
55555
43651
44444
66464
24531
52255
65324
21622
21212
12336
22224
51111
61636
25361
64553
16645
15515
53642
42316
44444
45513
26326
33333
64623
65613
52145
51142
42213
24613
22412
55261
33223
11523
41553
56153
44444
52345
64454
34544
56542
44634
51445
34552
65665
21414
21326
65266
32641
43621
26622
11421
25222
35616
12543
33631
14132
35124
24346
24311
62365
65556
26363
54533
56616
44364
53325
63224
14354
32461
41112
53515
46531
63432
43312
36332
13536
65544
21262
32243
56343
22224
43264
35651
52652
15243
11111
36526
45446
55522
41564
51345
36632
32536
53353
23513
15663
34512
64446
52651
44626
43153
55656
61252
25346
33444
35525
43622
22462
14363
33641
22314
14313
12156
11131
11113
66363
65562
13333
15216
22222
33533
14154
35511
55555
15115
55555
33566
62455
46244
41554
52431
42123
44264
23534
13661
12354
52222
44523
33333
44652
22332
33333
63332
14426
63435
35466
55141
34465
22622
64412
23445
65211
62136
45263
44112
53614
42623
25316
64343
26345
65324
33631
13141
33334
34523
34532
25342
31123
13141
25224
66366
43526
15636
44563
66666
51133
52553
44161
13541
61135
56621
55555
31453
46212
12143
13623
24526
51241
11111
24416
65244
53624
25623
65566
41522
64341
46535
63254
42144
66433
62345
46353
35243
21463
36626
13633
63524
25113
22222
36125
24332
24611
53266
44656
34163
44422
15545
33522
55155
26165
12416
52526
46546
42234
41253
22146
44341
62466
26316
44245
34433
56154
13113
44423
43545
22222
36525
15243
51461
32635
33331
14621
11111
41455
33423
44124
54555
12222
31116
22414
66466
13114
42322
23556
32654
43625
32413
42114
62654
31135
46333
15653
62253
35425
34131
31656
16541
34232
55555
41643
52223
23415
23542
53314
35124
43324
24521
53445
62141
35642
51551
12453
22322
33555
43434
44131
41353
36636
12224
42413
15261
61411
52521
11111
42356
33644
24422
26242
22361
23161
16354
44262
44356
55566
44641
35124
45322
51452
61225
52345
55654
14625
21166
25152
23553
14414
51525
11356
41136
44444
25156
12236
25522
36541
45623
24123
53542
55556
35333
12451
54643
24242
42563
11333
26224
42332
56553
43555
46531
13623
46622
13131
34133
24544
33323
64352
42315
26544
12235
12415
23422
43116
61436
63111
23616
25154
31532
35562
12435
53555
65361
52264
16245
23414
62511
34111
33434
16643
46446
56251
55554
61221
65644
23116
25545
64126
22634
52525
31115
55115
25656
36233
34466
52452
22222
14233
21423
54622
24151
62545
65236
61335
16115
44215
66666
12413
26221
65114
35232
26313
46425
11154
24434
24443
66666
36116
63315
34356
44222
22222
23316
32122
46534
14321
66666
13363
16315
51521
11364
15411
66452
52555
33435
44536
33333
11416
34153
25643
11113
32114
16222
31356
44442
53324
35464
66156
34111
62166
54455
36425
36646
34321
56561
64342
24161
45445
22366
45131
11235
11311
56445
62121
55555
54363
65221
46253
43424
66636
25222
43222
66262
61436
36224
13451
51633
61421
44625
25131
14114
41662
53454
14564
11521
25432
45233
43113
45461
16132
62656
33333
53521
34363
32534
25222
44654
63514
14346
13321
45555
31113
65664
21435
32416
22222
33333
24262
11414
61532
35131
66645
51162
34114
43336
61545
51522
33435
35624
55142
44615
35241
11616
25535
35112
24411
31423
14425
55363
66222
66513
56541
33133
32352
43564
55353
25436
44562
33343
21141
23464
33333
56655
36241
46656
55566
53645
54263
42635
32452
61534
46466
21663
16411
11526
31443
21166
25334
36624
31453
36214
23441
35642
43522
66623
11531
54253
11453
32426
13351
23546
22222
54313
22221
35433
33634
34215
41352
23462
66565
51234
15462
11121
41344
36636
61535
53646
11245
36542
26334
22222
22622
11111
52264
24535
61621
55556
44323
26526
35116
64646
65343
43543
64655
14613
44421
41264
11555
34223
55536
12161
33331
11143
22552
44444
13124
31636
42266
32421
63666
42451
65522
22222
46133
12666
14361
32154
41514
21345
52431
43433
52152
65561
66542
11111
62666
62626
63231
26156
22656
32332
16443
21113
51551
45235
34413
46466
35244
65166
64145
54212
63263
55555
62642
24542
44353
52225
16164
22222
66213
35661
45555
11224
12134
55555
62453
24254
55265
44341
14344
53525
12251
44661
33233
52643
41511
45132
22222
11643
25646
41523
61131
35246
56345
44644
13322
66666
32241
12664
21121
61443
61635
41265
55555
66566
26543
65111
31126
35442
32514
51523
23322
46461
46321
65225
55565
66626
14351
62451
36545
66446
44664
12145
44444
26554
24334
34411
34433
65452
45213
66642
43635
34334
26133
63435
53431
32145
63311
43532
12331
53241
52354
54464
64515
44264
61111
33333
53255
54655
44224
34244
23154
22522
33333
25464
51236
62616
45514
21332
44444
52531
43562
33413
44621
34656
46223
11111
25355
23554
13111
36632
53333
55444
55222
23114
36531
64231
12643
61515
22545
44444
15426
25522
11331
25432
31425
56242
22354
32221
14415
36511
66655
63611
26626
44233
33513
55555
44444
32466
14542
31621
12252
35323
11236
15433
61362
35243
32551
44562
15453
36234
23554
55165
22211
51334
11111
41554
12554
66662
43343
11466
25553
56454
11432
15616
42313
51634
43452
32143
16565
66442
31513
31563
66225
46446
14325
35544
35324
21111
44315
12324
63643
62544
54325
42352
22212
34162
33244
46543
33661
35143
66666
22525
42453
53613
32415
41444
33224
53244
62221
42564
46432
66562
51622
62442
66265
25564
21134
23143
33632
63516
43112
33333
66216
31163
24444
45232
56346
55555
43633
61166
13311
55522
31563
22222
33333
11352
46453
61166
25164
44132
55515
42254
32156
64553
62334
15432
23415
55555
42236
23132
44453
25516
22526
55552
34322
21526
22322
21623
23652
52255
44114
15312
51221
32516
66245
65666
24555
45136
51554
14142
15243
26153
34465
41664
22513
54332
35443
61112
52346
31246
62362
44542
63652
61245
42121
22146
45664
25543
12342
44443
11664
11324
63466
43443
23546
22222
41634
56236
55333
54162
46551
34365
64536
16636
51464
21262
35254
45542
14164
14414
31263
25151
52633
33111
55155
61211
66445
24645
22215
11444
46543
34315
61333
24531
43132
66666
15234
24445
66336
44444
45326
63455
22636
16516
11531
11635
25212
62451
51442
23515
45444
42241
12534
34524
25241
46225
21423
23512
22121
35432
21211
15652
65255
43326
24613
32412
43642
45556
45266
22223
16136
54462
64415
65252
33333
31666
34466
56665
11531
54444
14224
64456
52313
54116
33232
61625
65612
52223
35616
52513
33322
26221
33346
66325
31313
21134
51433
44436
12443
53636
32562
54341
66666
64336
42531
43615
22221
33333
12252
63311
22122
62455
16351
33452
65343
34142
43325
46431
12661
41511
24526
11111
24311
56245
14431
66536
42113
45554
53311
51423
51254
32643
52342
32141
23565
23354
65514
55144
11626
52362
11111
53513
13331
22312
33215
31543
63663
24315
61212
15213
24453
16253
22626
22364
32443
62534
62352
33622
66563
15113
16524
23161
52614
55555
66644
42444
66423
13254
15365
14244
61656
51454
33334
44424
15522
33322
16624
34621
64316
35555
53142
41442
16614
56325
34526
11116
54466
21444
53222
11611
14114
22222
24544
66345
34434
65134
11111
41553
46335
25433
12312
32335
22245
33333
62266
14256
54631
66646
23313
36666
35431
34333
32623
25124
51162
65636
24222
24563
52431
63245
33425
11111
13216
34356
41114
16224
45213
53553
45414
24112
51642
31546
15624
52436
34242
43113
41663
61114
21616
12222
35462
33352
66231
32455
64413
63435
15242
22232
43444
51216
62466
12455
65243
26245
14356
43132
22222
53115
63354
56656
44444
41251
33333
24564
55555
45433
43241
46636
32222
14312
33511
44444
41415
55431
54511
24224
24513
15311
64654
61322
24531
24262
21211
64313
66311
35441
54123
61544
45636
62415
35364
22225
44536
55526
52621
11121
43241
55121
45333
64543
36141
26664
56332
66162
61431
63433
56435
16255
61263
44343
13156
55555
11456
64424
32666
44416
15516
24246
41231
25146
63661
66666
21451
31545
21115
35216
31252
53211
62666
22622
53423
25155
24136
24315
33353
14354
43444
63412
43654
23562
42333
43366
16314
13141
21221
63643
52461
65532
55326
33333
45321
11331
12266
34616
34351
56455
46666
33521
65231
16155
65243
51364
16426
13425
66464
41362
66243
13316
13462
22222
51244
32154
33333
11454
53353
33652
61144
56663
45636
11141
13524
61355
11111
33656
52252
62255
41144
43666
41355
63351
54315
14431
45532
13566
42625
56653
33252
34333
44563
46533
55654
33333
44644
22226
52431
15143
56445
62454
61115
36435
21453
56566
32615
65116
31652
41141
45322
36366
42325
33333
62215
22222
34452
66523
16166
34656
33366
34135
56161
44462
15162
24233
21543
31465
45366
34621
31134
34215
15662
44444
16631
35542
33323
14321
21324
52134
35254
56454
33333
52413
33155
32233
25246
33333
11114
11115
15643
43236
35614
23313
43656
54241
25522
54521
25426
26316
35115
55555
33263
21546
61261
53316
64346
22613
61111
21312
15352
35643
12211
24262
36666
46466
25655
42115
16666
56611
46123
25216
54515
54262
23156
21643
66666
22222
24453
24423
44446
24361
45463
11111
65561
15242
36153
51255
11531
61436
23232
12516
65542
46446
41324
21132
33524
14653
44664
24635
51263
16666
32551
55555
16115
64533
21534
11222
45261
36511
35633
14313
44444
51554
65643
45633
23462
66666
45123
51333
52424
33333
12226
26211
34412
16424
33242
53366
52346
22223
21612
11111
22222
11414
54262
33542
26346
16336
11524
21641
53553
54346
16661
36133
56342
13512
53412
35152
62264
36663
44652
24555
31651
35544
11411
31512
66134
61252
65163
32232
46411
41325
52561
26414
32543
51466
25541
22242
22226
66666
22112
35336
31254
23456
14613
34552
54424
53451
21345
12144
22225
15656
32316
43143
23546
34343
36654
45235
66666
16451
51311
26654
33636
34246
26453
32525
66422
14556
66636
35335
56164
23516
33332
23332
22222
45416
53566
25525
44444
41265
23145
25351
46164
55556
32562
26421
54623
14252
44455
44311
51543
51224
43442
11314
65253
51445
41536
43344
64111
52244
11111
32131
21164
64434
63231
55556
44146
22442
13355
33445
21152
32451
22222
25354
11556
33212
45152
54121
22216
33334
35341
61243
33431
56456
41135
46625
55555
64351
66253
25461
36544
24614
44366
31566
34135
66525
15515
24544
66531
34464
31555
42536
52562
26533
31613
32524
22251
22222
61666
63542
61364
46122
21355
55614
43163
26623
23154
11111
63526
65336
11141
11111
55561
66365
55555
51416
16331
22411
55312
54335
43332
62426
16666
26124
33333
64344
11111
42665
26152
26666
31514
65626
54533
36553
55612
25433
63355
44452
34212
62344
43662
42432
52635
14113
35262
32313
46354
56316
65255
41216
33333
53334
26141
16411
34526
41142
64235
51112
43421
15234
52463
26533
44216
22222
55335
65161
22446
51232
44544
54233
52555
45162
66122
21526
25562
23262
42642
51542
16242
24161
24453
14555
33145
21456
11212
33245
36164
65663
62264
24635
15364
26253
51342
34531
13245
64444
66365
41553
61116
54454
13433
62631
54454
66224
65655
24244
43252
66612
42565
33663
41211
45232
14315
43113
55416
22222
24441
13452
22145
66666
66666
14222
44441
33622
23516
31416
35355
22226
26416
33333
44123
24264
11121
66253
64215
15511
56165
21264
21316
63233
11356
44355
36453
22222
43244
62562
15134
56144
66666
56353
26316
11114
45411
22636
13523
63353
65554
55215
11226
45321
11125
64642
55153
13133
55115
14133
52531
33546
14161
16232
21262
61163
56456
12453
54263
63644
41266
22664
61111
24564
34133
42241
23645
45544
32243
31141
33512
34333
16322
21435
64641
23541
51521
12342
55554
63525
55455
46523
15154
65564
43324
53212
46253
46546
33124
33115
23366
15432
32541
23311
31333
35524
24312
44343
61541
15365
36464
46145
52143
51526
16151
62262
33333
55553
51556
34213
53251
63431
11111
32326
61112
41232
35333
62525
32234
63215
23341
63526
16622
45451
11111
61435
24444
21556
55263
25343
56451
26245
66226
61245
63533
63222
63615
45436
13463
61156
66255
22452
33333
61131
31436
26232
54654
35326
26245
54442
56644
22222
21522
43236
21163
46523
23154
66666
63164
13131
22442
55555
16125
55555
31555
16542
45446
33561
24662
14634
41541
46435
13426
26363
63142
24233
21136
22432
53435
25343
44644
51433
44134
36322
35323
65623
34432
45455
44234
61261
45314
33131
55555
55165
41413
15656
46442
53422
63562
32166
33333
42653
32222
46523
22135
53561
14614
21226
35421
61162
43135
36236
41464
43621
14441
41431
66166
61314
36456
61116
33233
66666
23364
41223
36225
64446
41325
14445
43636
54242
22266
12556
26136
51536
15333
41431
46134
54321
42356
33333
41362
26435
66532
46423
34321
13225
11411
54355
53535
11555
63542
53553
53326
13355
13544
52455
11111
15644
44444
26244
55555
42544
21462
52511
16252
36664
22342
65663
14442
41311
54235
55342
52134
53441
32541
61464
11446
65623
42644
45445
45546
12323
36454
61214
45246
51664
66666
62464
11521
41636
55555
24242
24141
12435
16562
55566
11642
33333
34251
51542
11152
36366
53644
32222
42432
23426
21415
56355
63133
51255
65342
23615
46265
24233
63662
22222
63226
26212
62426
65631
23555
14515
45332
11111
24513
16114
23425
23115
66516
22115
62122
66666
55555
26341
56356
16322
41654
36344
55346
22634
35116
14166
24516
13266
15115
42532
35425
22456
21435
21323
26232
22222
15245
52221
65443
53161
64444
46466
61324
26354
36365
66222
24564
16161
35664
54612
36264
23333
53112
61644
42644
12452
34442
23465
66354
35512
32632
46532
44444
14455
34465
15533
13216
21322
34356
33333
43466
41244
35236
44231
55352
51614
36452
53363
43432
66542
31233
62633
41442
53133
32456
35226
62666
55234
66356
15113
35445
22635
42666
23463
52555
63645
35256
63216
16446
46433
43561
14625
34636
55115
13234
36231
56134
55555
22266
41523
66254
61222
41146
43142
35642
26464
62626
54411
23554
22262
26512
33433
62312
54133
14126
34215
43432
36515
21426
63544
22262
63344
15115
34632
54362
42134
61466
63345
14536
25221
11263
36456
24245
16335
63663
12445
23634
26261
54566
31131
11214
13164
36252
54155
43522
45554
15461
24125
22155
55254
24353
11161
64625
13214
46533
12535
65221
32112
43311
23152
65445
42444
11113
54314
22222
51215
11111
22122
41536
63265
12515
22222
45561
13331
33333
55555
42365
44253
24222
54461
55164
33453
44444
51164
62116
43256
24222
21333
65636
35232
41111
43522
25152
51634
22233
26534
11111
66664
36362
35216
64616
46253
41166
63611
43126
32266
52266
26555
13236
16616
44634
16155
44666
26261
45226
44346
44444
45412
11111
24614
22222
15243
13341
62416
25313
33423
52322
41362
15133
14311
22342
44435
56254
31623
45361
16544
12132
16235
54321
15555
35456
52636
36643
46325
44433
55313
11134
56665
15435
11545
42635
66455
55355
23532
25235
36666
41164
56415
63534
34454
26222
22223
65211
26542
44551
55513
11261
52625
21331
55414
44111
31431
53316
22242
44321
26225
21336
15621
43364
32211
16426
15165
52142
11143
24524
23513
14411
24421
62326
13224
22231
55311
23333
12164
23432
55233
36452
36632
22463
42212
66655
16324
45136
34333
11254
44123
44314
14546
14123
33344
35216
22246
34124
14253
34526
21241
62453
66314
42233
64536
64346
13111
62626
23641
62234
55441
16666
53511
51341
12364
32513
43422
32215
52631
65613
65435
65423
26324
66254
32343
44642
55646
54632
24251
62435
26316
11146
43523
66424
16365
26661
44444
24443
11354
45445
11116
56342
45616
21312
43556
44263
43152
22314
53621
53534
44522
22222
15561
41233
66536
62644
25436
52634
53633
55453
34363
54523
31352
15564
62143
31254
35254
55243
63245
41263
55553
33436
32553
51622
52341
16261
24365
43216
25341
51161
41524
56324
34426
51424
43422
53661
43113
52161
52366
62265
24154
23456
43624
36563
24635
41355
25431
51551
12546
66265
55164
21641
43455
14241
21152
62262
11111
46644
65451
46255
44454
14436
53142
45611
26453
52156
22222
46411
24553
36655
21211
63663
26662
55136
36424
22441
32542
11511
12262
56626
66536
34163
32125
64524
33261
15524
11616
41631
44545
11111
25563
21235
53642
56324
55115
64665
56311
63361
56511
42356
65543
65665
54623
66626
13436
35421
55211
35431
45263
55555
44444
44444
64231
24564
12421
42244
46325
44444
13645
52113
65163
43324
63456
42143
61111
54222
25443
26644
46251
21316
33544
52365
22222
62445
61511
65116
42523
26626
53314
53543
22344
66666
54346
43146
22252
52555
45651
31516
53422
46551
14511
63354
42546
46444
26311
25226
45623
44644
12134
66666
24411
44444
16353
33413
15521
32323
52443
61341
51253
61135
34151
24235
23134
42131
11121
46633
44566
24611
33323
53333
36333
21114
13425
54236
61561
66144
62355
64235
44444
23154
42311
36526
33651
25346
44664
45265
26155
12552
21212
21461
66663
26455
11256
54461
31411
22333
46324
21122
22351
31615
33455
33666
14516
66226
42214
21113
46653
46265
43126
56266
23242
26651
44415
54346
64444
31455
34546
56236
21226
22221
66466
31422
15151
45151
12344
43514
25466
45312
36454
63314
66334
11436
55555
25631
12255
55231
64535
54562
21645
55566
31316
42413
54141
52436
46421
14255
34214
22364
64455
66424
64442
44444
44344
55556
13363
46646
34235
31436
33333
66666
51162
26251
32252
25233
33366
15634
26434
31156
15524
11645
12363
55555
61664
25555
65666
56514
32456
65466
61311
45442
66252
32115
26622
34426
51414
55266
44444
52225
43521
25455
54531
64524
11353
51313
53125
16413
13313
36433
45152
63532
21463
45362
12541
46654
44165
52435
32152
31242
55511
22666
22233
55555
23546
31523
25135
26622
65165
62615
26431
33366
53263
55522
53416
34265
64221
42453
53214
12224
36242
21453
34224
16625
11321
66666
22442
44524
24523
36512
25611
25146
22322
14444
44511
25565
25632
44216
53124
24645
45341
53215
56526
41255
61111
23263
62262
31445
22665
44642
65646
22223
15313
64352
61116
63665
41314
35241
25151
24316
36446
44445
43552
45623
65665
32541
11111
52111
56236
43165
15434
41153
25324
51555
15412
53622
66643
25441
66656
11111
16452
54462
11266
62625
22266
54236
63442
66642
61641
11635
34251
11151
31221
13464
42224
41624
52321
45324
33553
61661
43332
45353
44444
55554
32425
25433
26435
43215
26335
65152
35115
64442
43421
22222
46136
55523
41235
14343
52554
25413
61651
65664
33132
21232
23224
44144
51333
14155
45266
44444
15342
13224
53643
54142
52536
25611
63253
21513
64333
21246
61434
14256
54656
42225
26244
55555
33434
33333
63326
11413
64323
64444
55431
54246
16512
33434
65136
65446
41621
24145
53151
45666
11111
31654
66666
46245
54356
62254
36464
34465
11111
43626
43555
41523
46253
44251
13315
15131
66332
41455
54366
34444
11431
26564
33313
64622
51331
36636
55332
32364
64623
23415
45415
66666
12546
32155
33363
11334
54346
44444
22565
56661
31424
52634
34345
56413
22466
13662
54465
43262
66666
51225
53336
33652
56634
56264
64341
26555
56666
41626
54231
36654
62665
65116
36444
16344
33323
43562
34265
45646
61333
23333
16555
52463
62124
31642
46412
23666
44365
45644
44153
23412
21532
21134
14151
26344
23266
51465
13116
23556
11141
54623
26232
45235
41211
44224
54333
35423
32624
53526
25355
33666
11141
11335
64312
63155
22631
22224
42346
34211
24365
36534
31631
31434
63166
42546
64524
32261
52361
64313
63426
65312
61336
55154
23262
12115
34563
62421
45655
56421
26146
35331
42425
42356
52624
61661
65252
56532
53342
42134
45445
15136
16466
52253
42263
42335
32333
16632
41444
44554
45353
62655
14451
61453
65324
54666
12632
35152
12155
14241
44615
32453
26665
22322
62343
41255
43456
32613
44444
25636
64641
56446
32141
25621
56661
44231
55555
54451
25621
46465
36254
23143
11454
55512
16611
55226
55126
55545
12213
32134
32412
52513
26154
53145
42616
56555
25525
15324
61126
63345
66211
32124
62144
66165
66123
33146
25453
34154
44644
41664
31512
63251
53425
46613
65112
44523
43342
55555
44541
44444
11111
65515
14423
11616
13166
35555
31433
36112
55512
35653
54424
14325
56655
11412
24412
65134
15622
35142
52341
25315
23255
33333
14523
34652
42545
32333
56644
61524
31312
34311
35656
14622
11332
63634
11124
15312
46552
54156
22231
62241
21442
62141
24635
15221
65452
13262
52253
44463
14444
21141
66363
34363
64352
41631
43535
33533
15615
64344
41224
34452
24412
63342
46666
35241
66666
23141
23423
54145
15555
65423
61543
32245
54224
45114
65656
33133
31315
31331
46664
63425
51122
53126
32216
43344
66665
46662
34662
44442
43361
11533
11215
23643
63651
44316
22222
36545
52156
31546
43365
13616
35356
26666
33333
12352
53146
36655
54633
52443
42444
56225
46532
42611
12536
53442
36452
25233
33355
42424
11111
44444
52524
65422
44444
34543
51131
63333
63446
42533
32512
26322
13265
43131
11161
55555
51366
21234
26343
55555
63125
23355
13643
33636
11511
44444
65533
55455
55555
36235
66165
33162
13151
34252
14444
34125
63644
16341
36226
24135
21636
53624
12155
31254
66161
23333
54362
54555
66562
33333
11111
24563
33553
42126
42431
25436
42541
33434
43222
45555
26563
44456
55355
45326
22565
23645
25545
42111
11252
55666
24161
42642
63632
45166
21563
56243
43341
44433
31553
54553
66626
31144
65211
62463
55644
26165
65563
32211
32435
44115
21252
36363
61643
61464
42213
42226
62432
36445
22242
55512
66232
63546
13223
11112
36111
42165
34213
14522
56163
33333
22522
33545
62334
36354
36313
14351
45622
66264
14365
55642
24242
43145
43526
55555
13245
56431
51222
11411
14351
56364
22223
16442
45231
66656
32355
21333
66222
51332
64331
36642
51534
15364
31541
45336
24343
35246
54321
36532
16455
11111
46666
61115
55422
43652
25625
26266
55642
13616
23262
42523
44246
21662
65442
12334
53264
34346
33113
25421
24453
24126
66646
32551
22422
15434
44444
16312
12553
46351
25526
61156
41516
56256
34222
64263
66441
52341
63645
64544
34142
31456
66566
45332
46145
63213
52312
14151
16346
14514
12141
45444
63251
34666
35562
14532
42221
61153
53134
44466
64262
45232
15611
44362
26666
62154
32654
23646
12444
66665
13421
35226
45214
65255
13353
35124
55553
43346
15162
15422
65554
23424
55555
41311
63215
16613
65235
31152
32546
66666
44335
14651
45444
54643
55555
33333
45436
42516
23456
51322
46153
22222
44444
34441
64413
32544
23141
22415
13362
24454
26116
51313
36444
33231
44335
11111
66666
35264
65266
21415
35222
23333
44444
54225
65555
31634
11111
66551
33462
55643
25256
62655
22413
66553
11335
31433
14223
66635
52255
53262
16411
51515
32426
13444
16656
54213
33562
61356
55335
61312
34512
26246
11111
55341
63666
25124
55535
65555
23536
36116
31142
23451
32322
16243
54434
42611
64136
14661
15533
22323
64563
24623
21526
22222
24324
21443
22644
32262
36246
11115
44413
11614
22222
11555
15465
55126
35421
11133
15346
64344
64553
44521
33355
12121
24635
61624
34233
42435
31426
42153
64533
34342
53661
55555
51141
33435
53252
61465
41545
42564
34412
12512
43562
24365
56632
51321
66656
34556
54263
44244
41233
33333
55666
64352
15334
21332
46461
62116
63322
44435
63134
54132
22612
13131
21656
31546
25522
44444
21551
66666
32545
41325
14125
35246
33566
23642
26464
13113
51464
62624
33334
66666
65536
46514
11111
25333
34636
35333
22345
22412
54556
12111
12562
52141
51366
52343
24453
43161
53532
24555
63254
22461
35645
44516
22425
64333
34322
26433
16153
11111
53243
31213
32452
34461
35441
11326
46142
51446
35533
23226
64344
13113
36252
15622
32325
63266
31333
46235
35124
65365
12244
26625
11111
45235
33636
51234
22522
16666
44435
45613
11111
46234
23546
23252
14353
55556
21245
36545
33333
26164
56215
31345
41364
42566
13221
55553
54455
66521
33333
51155
35511
21436
55225
66666
35564
61312
56625
23124
15665
14311
64253
25413
61545
65566
52351
65125
13245
41133
25555
11563
22445
22226
43656
64523
35466
41111
25411
66666
44544
41112
41514
52462
34362
65461
35464
55666
15635
22126
21336
66421
21454
56266
15455
31421
33614
53431
44444
11524
42662
35644
32341
66612
12544
65625
32535
43561
64436
36436
16436
21652
16515
62226
54213
41366
15246
61226
62342
21543
15445
26344
63565
23614
41561
55555
16132
42611
46525
52543
55555
21146
45246
13256
21313
45233
35233
43264
55521
55555
15264
33331
53551
53643
11336
63564
35423
55445
51155
65416
34326
31514
65666
12354
31242
53364
66646
43644
36554
22222
24546
65531
66656
63543
21211
45444
52225
13363
44536
65552
13361
65315
42512
22223
44653
33333
43533
26416
44411
43556
43665
21142
45331
31431
25445
55323
33526
65324
46616
55355
45361
24434
62644
66466
24325
41243
55545
31153
11555
62543
64156
61111
11161
51611
63312
24631
45322
43124
33332
61545
53552
36633
63454
14521
61251
55525
36324
21453
53124
62312
21254
61156
35252
63556
52435
24452
13331
45226
12554
12426
54234
51324
41366
11646
62262
66666
41464
13143
64345
44144
41633
15556
52122
35114
36664
63333
62664
42615
55145
23426
22655
46324
11155
33323
66665
32333
22222
36123
24111
43351
51445
33633
21623
66656
12453
63544
21153
21354
41444
34211
44234
46322
33622
21136
62534
16553
24264
62642
55555
46444
61356
35364
33543
64523
22651
25522
65633
35555
23256
44625
24314
14523
52644
63256
31425
15243
32222
52652
65111
34135
35561
52421
13642
26413
24321
26434
45456
53642
65553
41655
14453
33361
64543
11461
51631
65661
25265
12141
44154
23352
53413
64312
16652
34112
61161
22256
42641
55555
43665
56613
32223
62441
16546
11515
54624
35411
44446
44555
24145
22115
66346
33333
21333
26435
33344
64424
65622
44444
34544
36656
16341
15462
55622
23652
55136
55616
55554
13164
55533
55352
23163
31225
23324
51216
64331
54441
61351
64364
15255
62214
26421
15346
54356
26446
23541
24435
66666
21511
41235
55324
61133
46264
66666
56222
34242
64532
33252
21235
41444
46154
53634
21621
43654
45444
56555
44541
24413
31661
64114
46566
22211
56531
53241
13123
35426
56333
11422
16543
44444
22455
44444
63236
63254
45563
62214
45162
32643
32546
32321
56624
65342
51432
23322
61412
36621
35532
42653
42444
23456
44222
25542
13145
41563
31114
11111
61654
24653
26635
24312
51234
63254
55555
23365
62543
16346
26423
55333
55553
23125
21225
21615
34144
43336
63333
26252
22622
34654
64526
21321
56164
35155
45525
66513
34115
15615
63636
62363
41635
23662
52541
11414
11561
16434
11452
53134
44564
54531
22213
56244
21224
62666
13665
66141
42233
24631
46641
42412
46352
42321
26455
36444
26123
16151
53315
36152
54213
12344
53421
55551
34242
11111
23625
14452
31524
26325
13331
36442
44421
62116
12112
44553
62266
22111
65443
45312
44444
21445
36216
12122
65313
36365
33333
44444
35211
23322
52623
41432
33226
64345
36563
55555
22634
35243
13334
21122
66624
43521
31331
43662
56221
52112
22212
31633
51441
35365
43234
35461
31624
65154
44444
63421
25422
44566
55556
11111
11165
13324
55665
51565
65666
45536
66244
13525
56423
26411
54512
32611
65641
23451
51126
52341
23325
42254
44652
13526
54533
56262
16342
15111
23143
55555
13254
25436
33333
22523
55555
13151
42245
22222
55462
12354
46566
42536
46661
32335
14413
22122
56663
62525
45236
31356
21453
14451
22644
51442
21556
22222
14444
41555
42544
25345
35115
62366
65511
22246
31266
23322
21634
34135
43566
36136
26224
53652
25134
32352
34526
61131
33333
44423
31113
34231
45333
31462
33333
61423
64254
43624
43446
14562
46415
64132
41424
44444
43433
13415
25644
44213
56664
23134
63255
22162
26621
56656
55455
36636
36265
45325
65666
36333
42216
62345
23456
26515
42325
11414
53412
33411
11351
66666
64544
33443
23362
53262
23545
44445
15333
14361
31625
55665
11141
31152
51346
52225
35442
12165
55555
66525
55454
63562
33461
12434
14245
44444
62621
63326
44444
65553
35512
54431
15361
33626
15261
61643
31442
24446
12222
45316
53664
65666
24564
25641
66666
44266
52614
54555
66134
64245
42312
11613
55555
51321
42262
11615
15515
26535
54355
32543
54114
62564
22646
66622
36464
35311
11222
44444
43245
31542
31355
12264
55555
53125
44433
62146
36245
12132
13652
36215
21314
66666
23345
66666
34431
61451
62221
36423
36115
11644
16141
31666
14266
62222
66666
12143
23615
52443
14325
12562
64662
14426
21544
51243
23352
22662
66665
55445
42635
65521
11234
65544
13524
32666
65322
65614
53463
62632
53533
35152
12212
33341
25341
11111
22446
66414
43533
64646
43325
24513
11111
62166
36653
22552
14414
33333
13564
55315
35321
32262
21636
36323
23654
43511
61364
33644
61324
14141
25113
12152
64155
16422
64216
64235
36415
61443
43433
53141
16266
11216
22421
24165
12362
23412
66666
34231
34446
31412
55556
33333
31362
66566
32132
66666
31324
33333
56656
63341
42345
36266
35364
66421
52464
15155
11121
15562
44454
21535
44535
45312
14151
24315
42363
23254
33343
22222
56243
65621
14363
44444
46122
15354
55356
66555
23245
22222
51511
41322
34265
63424
16111
22645
34126
21453
62533
36661
32564
52664
33633
36266
51612
43214
63436
21345
24221
42422
64341
43443
12566
35333
36251
35244
51633
52655
33214
11414
52624
11556
22441
14216
66666
12152
54623
41544
11112
64454
65324
56255
31361
36614
22442
46553
45132
31251
21411
55136
54242
22424
53646
66166
61356
41654
12343
66343
56431
12431
65432
16654
24653
64353
41542
15455
62445
32322
16361
11416
16123
45352
62162
22241
53456
53246
22361
21345
22222
41352
41445
12336
25346
66315
32665
63444
64265
32143
44444
53412
43214
23223
33333
25443
65551
62636
35255
62241
14143
13456
11351
54552
43261
42135
52215
31465
66666
14312
44444
46641
23131
41166
61623
25155
56244
31556
15511
45643
36621
25634
65466
23456
46533
41325
44536
44242
23325
35124
51243
53111
52422
32452
41345
43444
11111
26144
25325
66144
61243
12422
23154
46521
62662
34146
44532
12253
46425
33434
43142
41166
13666
22222
55565
54321
42355
52216
43316
51515
54555
32151
43434
11111
44444
31115
65661
61265
44663
15151
25643
54222
25255
24635
45625
51541
36344
46546
63344
34641
24215
42626
33111
32466
36542
55222
12112
16261
43665
16116
44414
46666
13234
53412
32661
34216
52123
45231
24413
21162
43454
11353
35211
45431
55535
41115
42356
12112
62631
24142
25544
44443
42432
26354
56453
54235
36312
31524
55232
54522
44444
53634
14363
11262
44225
52263
66113
36544
44444
22142
63325
45155
35616
56544
34513
12541
43321
46532
15463
25246
33453
64625
55253
45336
24163
35556
52243
54544
21231
22111
54212
53153
44435
32314
44444
33323
41633
64463
45566
52652
23426
12521
11111
35625
56665
33333
54123
15131
26345
51616
55665
52236
25355
54216
45352
44235
41253
46546
26551
52326
54626
66546
26363
54421
33414
63135
11111
31613
32456
64444
32233
22442
34256
53522
36636
36664
15541
33363
66266
55555
65622
25243
63362
46215
55515
52423
35264
25615
11111
65161
22536
54363
66154
46444
24613
41562
55555
23612
11111
32153
54332
46415
34231
13626
65514
21611
22122
51514
54542
41632
64352
44322
22222
12341
44611
65633
65665
13341
32211
11625
13445
51623
12211
63214
61652
55655
11111
45554
24653
15255
15256
12543
51134
46142
31134
16125
12422
26311
53514
13442
32541
56533
54255
22225
32222
63452
22245
51446
52463
33252
45231
63262
23441
66666
16354
36632
65322
15424
44246
65316
42523
52235
66145
31645
23526
32456
55555
44424
63451
22222
12635
32135
12563
35416
41421
63621
31634
16613
33264
33355
34543
53536
35616
46531
46561
34331
36214
11551
54525
24231
55555
24444
35145
15655
22422
41321
34112
41621
32333
62651
55346
52634
52233
55522
34313
26354
53346
55264
55656
63444
54623
32651
56415
22252
24231
35661
44414
45245
54362
13244
22666
52644
22412
11111
64634
43266
54346
31441
23546
32461
64616
24356
52564
43526
53114
34411
62431
15151
11341
43353
32222
16165
45244
52431
65442
31613
36364
11143
25133
55546
34412
36633
52436
12255
14322
34125
26222
25226
53351
55362
64163
34251
11244
22224
41635
36633
11111
15611
33133
55555
34365
22222
44553
16563
46442
25155
56515
22522
62463
65344
44444
12464
12232
22364
11111
56565
11211
14224
13125
12262
54346
32252
33333
55125
33264
26642
41332
62625
55626
11611
61652
44615
34654
44444
61564
15446
24144
41614
21311
44342
11111
34355
44444
22352
42236
31445
22112
25654
45126
66666
33336
62161
13536
66336
42136
66116
13323
55555
16121
31626
34466
16145
24154
53525
46456
11111
21443
55555
23634
43433
33333
66666
66655
13643
26334
54345
26416
33311
32111
14431
65255
41522
62152
36352
35555
53326
36465
16335
52222
12413
12323
46545
56224
42314
44214
13465
33333
11111
26333
43133
61555
23341
61441
43332
11111
23645
65213
41444
54322
62262
25543
23453
11454
66664
21243
25565
12165
53335
33116
55554
63434
13154
42532
22222
54222
55245
64646
44344
41253
21622
21241
44222
24143
53426
63314
24312
55255
22423
35525
66264
24214
11112
34352
11235
24334
66114
41346
63434
46145
64661
51324
46253
64216
41111
15523
52116
62564
24453
26535
62262
22222
31265
43335
53124
35263
15316
22421
64446
56665
11124
15133
52134
24454
23451
56352
12211
32326
25634
41433
21361
66514
66125
12564
51435
13114
43564
63412
66361
14253
35332
26156
62632
66666
25662
11111
22266
55635
23512
43154
14332
25463
43522
36254
11111
61343
63556
54132
45235
22642
66666
51541
65432
22625
61335
25523
42422
26223
35515
23222
22543
34621
16212
26532
21543
11553
26236
54163
53426
36612
44444
46665
65234
24644
22232
11122
42352
23165
61161
63241
62312
26636
32112
52534
42132
36333
36164
22442
22122
26521
11124
66466
42653
52225
52251
22222
34212
55614
15354
32542
64556
33552
61445
44253
12215
44425
44465
12445
23263
51315
41253
56423
16346
22431
56415
14434
51461
61256
54152
43312
23635
55333
56461
33453
55555
14342
24533
33233
33333
23222
24534
45645
25445
34154
62665
35446
32413
65316
32162
66361
25642
22222
66131
54231
12415
42665
54164
23141
34124
22115
66626
12234
21456
54422
32124
52644
34463
55364
14444
55555
55216
25314
55114
52263
41634
55555
26354
54561
35145
15352
44334
21321
26444
25516
24222
61234
33333
16353
54312
65313
56252
23616
54622
42321
31523
51651
36122
44444
25411
61531
11624
46341
36163
16123
36113
12524
36244
33136
51365
31531
44464
11332
51236
62334
64622
34164
54233
65244
55556
45321
22222
35624
12243
65652
43546
11141
64565
34515
64111
16312
26622
51342
14243
15321
44444
64441
26135
15654
26543
63141
62642
32465
16216
14221
36433
21544
44454
35613
32351
54432
45335
25212
55513
52326
45213
36641
36652
11211
16135
55655
61336
33342
34552
55663
66426
61535
55333
61366
56461
15255
63361
23536
41446
51613
15324
33333
56666
23566
43466
56656
41334
52414
66345
23126
23365
54312
15452
44543
61556
23546
53141
13144
15253
54115
46624
22222
44454
16322
14263
51641
62153
63354
15135
33333
11545
45351
62121
12316
44655
41436
45441
55555
66464
66666
22222
62323
66663
13436
25125
13456
44551
15163
26554
45444
51116
16441
11311
33331
15122
51443
51514
65434
25255
64532
51225
16346
23322
63441
32146
45456
35264
56253
21123
56345
64441
53222
34225
62435
63524
66361
16431
33341
33334
64325
24163
22412
54241
43255
25211
22222
62363
43444
36336
52321
36341
23341
22355
24224
62113
42232
34431
23555
31433
34533
43524
15541
53664
45264
23154
44444
25415
42446
31123
16425
15611
46553
25314
32361
14344
55555
16115
35554
11121
64265
54263
31551
45234
33343
42445
24144
34413
66162
34335
44444
41614
55555
12111
35654
21445
56142
11463
45532
36654
21614
63252
45164
55556
41254
52626
13146
21111
22651
53553
23551
22222
26251
42444
22424
25641
56333
32212
15552
21651
53442
26251
52622
24225
66224
25462
35235
43255
53126
64443
42342
11144
21211
44334
41114
64442
44365
65552
52555
55553
11355
22526
23465
66513
41352
63636
43154
22411
36455
63523
24635
61144
44354
42635
61141
24245
45521
24236
22263
33335
25121
24254
62125
26322
11111
16542
61663
34122
21134
36364
32112
31553
11151
21424
12156
25533
66666
54123
41665
41156
64454
16243
44346
11232
13421
14562
33333
14542
56645
64164
55552
24543
15651
12344
66434
66666
15562
61656
46662
56664
44444
61141
42314
41265
36646
55426
33361
36151
42625
51365
33246
43221
63255
31126
33636
34111
45515
66666
54421
52634
63441
65252
55555
46513
52131
21226
44444
13352
64253
35246
44244
55245
56621
62432
46644
32656
32256
66643
34652
11315
13615
53421
32444
33666
36334
14255
25525
41412
66666
15312
41534
43444
13365
12664
42546
45455
31642
32641
55516
44555
14523
22222
55462
66336
51266
16525
15445
15243
42446
53534
13534
56264
35324
36425
65556
43336
52231
22113
61221
15226
26463
21362
44455
26324
55341
66566
15622
12222
55122
56444
25664
24433
53226
55555
44145
56321
21625
51156
62421
35556
66166
11136
54411
55525
65355
46524
36334
32663
35621
54224
36126
46115
54442
14434
41223
32152
14552
66666
44623
62224
65136
31121
66365
22222
33515
33333
16652
66544
42155
14522
44444
44431
24315
35325
53516
55555
62614
45456
11151
41325
14111
51662
32542
16621
54635
33333
33255
45443
15513
23215
33633
22456
44341
25361
41445
42153
22222
63636
21341
33333
25554
11111
12136
23321
16524
63342
15555
64644
62122
44464
12642
66161
45552
61116
21666
64164
42341
41444
64551
41332
42331
35312
11111
65431
12331
13551
13363
23532
55565
36133
15615
34214
31546
43522
31313
32325
11246
66666
66636
43343
34562
55151
44233
24614
24351
65245
25346
12524
62554
66622
44143
52624
36633
14623
53162
54122
34153
35525
66666
11611
63232
44444
11133
33613
22554
13355
22222
44532
54415
52355
34521
53115
45241
32336
26356
35364
21441
36122
31662
13163
42623
66666
64531
23224
52611
12162
22625
36333
31664
11111
43511
45125
26464
52154
13342
11253
32666
52112
44444
35163
46155
34151
23533
56536
25364
26423
22122
34111
22566
24666
61233
33313
35542
65233
42553
24151
12636
22214
16411
31616
42532
31555
26155
25436
61333
25125
44163
45246
44122
54223
33111
54362
45253
45144
54655
61611
65412
14253
63514
64235
51135
62556
44123
52146
15434
35143
16432
51152
62351
55251
35564
65314
65641
42464
62621
15666
56345
33111
65654
34423
66465
42231
62351
63666
53355
25151
36633
14224
12361
65551
65246
33333
64563
66555
15244
33333
33333
43635
11111
12361
66214
42445
42565
43234
22222
54242
61215
64514
44432
32225
33343
44211
63222
32546
34512
55232
21116
53333
36521
11516
55652
65423
46146
42444
23435
64455
65666
63634
53364
32465
61251
66151
26433
25244
21512
34452
45531
52165
15515
66266
53145
46415
11111
11251
31464
44121
22226
16161
45461
21432
11116
41532
46312
24464
61231
51455
43521
43533
24563
13136
45566
41523
63333
51342
41114
52314
33445
36156
64235
23564
24462
11455
26534
35466
36666
66666
16546
65616
61322
62456
11636
31626
35153
21434
33323
25661
13554
44154
42531
34332
11363
16333
45655
66216
44314
36542
53321
51151
45265
26231
44443
11332
23656
22222
22325
42561
26365
34635
66666
31321
11151
11355
33236
55555
65521
66565
36662
15635
34333
16215
24513
63356
42131
42133
25442
23663
22222
22332
66414
65515
13512
45621
33333
14141
25314
11111
32665
44543
53312
61614
61656
61126
22222
65565
65223
35565
24514
12163
44463
23536
35124
31143
42543
26452
43642
41514
43153
25433
66611
33646
32564
13311
35422
41424
65536
64244
54144
36653
22222
51533
21343
62244
43445
21662
23453
16666
64464
22516
66345
12534
13124
43221
34254
65423
45136
56555
23131
41444
56431
43512
55555
32525
11323
22345
44444
12434
64444
42365
11111
33333
26121
21623
24236
61431
44244
22222
15512
35542
44211
44134
51111
11342
25435
16316
22662
16524
14341
65415
36231
52341
35554
56565
46614
34444
14653
22233
26161
65163
11111
54213
66466
21436
21454
33333
41426
22623
36243
55555
42354
45444
32211
53214
61633
12352
42662
24266
21354
36365
11211
61461
42452
44323
46546
45353
33366
45541
11111
32164
14534
65166
62644
26331
25532
12121
11511
12654
34562
35332
21156
42524
22533
46424
12321
14363
26514
22452
55426
15262
26421
53231
35446
66666
53355
56163
12514
12242
22134
35212
54423
12554
44444
14332
55552
35465
63164
52364
52143
52563
44444
12663
25521
62563
65436
35432
31423
46666
35166
56426
24163
64511
24461
55555
43344
35645
64443
32232
33323
36524
55445
23542
22524
33416
23433
26216
21316
13251
54231
21133
66666
33145
63232
21462
13464
62334
52256
64452
54613
45312
11114
55436
41246
53565
55116
66661
65243
41622
62533
34152
65324
66456
46353
66623
33234
45414
55652
22356
63541
52336
55545
56123
22231
64321
44162
66415
64361
15466
46335
11616
44554
44665
15652
14225
23421
45432
34225
44444
12121
44463
25634
33636
62662
54234
14231
15341
45223
25436
26246
46233
16343
63524
32254
14441
52222
56164
16113
61645
44144
36646
24343
33333
53153
44444
43244
52164
43556
33333
25423
36466
34325
22561
42531
56666
13363
55332
35333
41533
46555
36413
11114
45544
11212
33526
32513
55555
11554
23656
32453
66646
61456
61522
13426
46222
53226
33333
25436
64235
53244
65415
31224
41155
65513
25555
26354
13615
42123
56624
33434
45444
33336
66666
22343
12151
44444
61155
13461
23445
34415
15144
11143
33333
55353
14316
16651
54352
11151
22222
51566
36145
33333
13245
13642
63452
25314
25342
32225
15251
12126
42162
55555
33333
23155
52222
15416
45323
55626
51325
11346
36234
46553
61116
44444
45526
35412
24622
25346
64254
14144
22222
14666
45643
41643
34254
36532
56311
41221
52656
34364
43665
22222
36324
35131
44661
36414
22422
11152
22164
36454
43644
55261
46521
11111
45442
52356
46544
14166
23352
25635
44233
42661
56553
34432
56211
16432
11111
55145
64665
63424
43626
55555
64613
14524
33126
15563
11433
25561
16463
35412
23332
53241
31235
15146
61632
23315
62523
36624
62461
56665
11123
25114
54545
22356
11111
12615
55554
31136
55342
13654
44614
11563
35362
11222
62545
25413
11422
31244
66561
62631
24116
44252
25366
43316
53324
55356
41435
56235
25143
15365
34512
43533
66666
21453
61151
24441
15141
66366
33261
55555
33414
11515
64426
53134
44242
54344
24153
13124
46415
54122
55555
25555
24531
11344
11526
52564
62141
34365
46116
41511
12212
11111
62223
51115
36644
25654
21255
33521
22512
15356
13125
35363
13366
52446
54614
25613
22232
42655
21664
43242
62655
51664
43152
36266
15313
44535
44632
51346
51211
12362
56265
16346
55555
44444
66126
63334
54233
56153
45236
13622
41144
31516
31634
31363
31656
24656
42523
55154
44144
35142
41123
31435
34434
32664
44142
43552
34355
54253
22222
56254
65424
54635
26516
34231
44212
63325
62544
62564
14615
12646
31245
24355
32253
23224
21161
42151
33331
15313
55426
55155
44422
62464
14413
22222
35456
23342
44544
11555
12644
54512
46464
24455
62631
31152
14523
11111
45433
26221
55116
31364
21623
33454
56643
46656
51564
54323
66662
35651
12433
41134
25346
25454
32415
55555
23465
26611
12351
52164
34344
44143
14166
62242
16523
64353
34123
55125
61343
61121
66563
14126
34365
61632
43124
61324
23226
25454
66666
23222
63666
52123
42425
45444
33333
54516
42362
45555
65216
41661
64464
34334
23154
45313
55555
62235
44444
42323
42521
11632
45262
16333
52214
33333
66242
15511
32445
53315
41526
21135
22222
11111
44443
44436
61452
22233
64665
66421
23515
52654
45551
13423
11523
54652
55531
45534
23625
36333
13135
13421
33333
14233
64514
31245
55536
51216
66666
36344
23164
56314
46344
44315
34265
22622
45653
15665
25225
12126
31545
33243
21616
43612
34562
26451
31642
65243
54541
26565
23136
55362
55555
26311
52213
55344
46134
23154
53561
56643
42563
11111
65256
55355
14134
42365
11616
66635
44423
25413
33343
22134
33333
55555
51311
21111
22222
54333
65622
42621
42424
61626
63365
65431
44445
22331
23155
61643
26335
66264
53512
41536
52315
43111
16553
51634
45542
44444
52646
62226
25311
21144
56132
51541
34613
21221
66666
12265
45554
43343
26553
24226
23212
26326
33232
63666
63414
33446
13526
33435
31423
66666
31453
44535
55555
21155
34621
46646
35451
61636
66666
13626
45366
45633
51111
12662
53452
42622
35331
12534
55555
22222
42113
35644
22222
13351
24225
41346
41213
33323
31526
61342
32613
62526
63363
61435
11566
33555
24524
22225
64164
66666
12131
23655
55555
15126
54323
53241
15512
16262
23243
21642
41336
41144
33333
61553
11161
15426
12336
43333
53341
62515
55316
33311
32614
24426
22112
16661
21262
41442
23251
64464
63345
65426
53462
64455
46246
66663
31251
63624
33361
11111
62241
22252
16165
61155
21335
33113
32134
55652
12412
16354
66666
33234
44134
24144
11122
12422
31124
13233
55312
42213
64334
43256
63254
24312
25321
63545
61621
54662
22222
43521
52615
43241
51254
24262
46253
44544
15452
64646
25543
53555
56131
13146
35613
15264
21266
66366
46122
15364
41563
53522
14326
32555
46343
43222
22321
63231
35623
55544
54252
34131
22612
61111
56243
56124
56524
55555
64131
64635
46212
62124
21135
65311
64335
12354
14644
22232
25142
54321
31666
64534
22443
42546
11255
32526
63666
33344
46362
32564
66612
52413
55646
43334
54326
45343
36542
61263
22222
55455
21453
63524
15551
32216
32161
66536
44444
66326
32525
34112
26332
52314
33333
14534
44316
33233
62423
33353
51635
61112
54465
64451
45444
25464
44451
42116
22222
13331
64656
51643
22252
16331
65361
22262
24221
52553
53425
31336
54141
22222
64162
14412
66221
53264
25465
64662
42516
62226
41561
21435
16514
34355
42353
66636
44252
56162
43636
11411
31465
23115
61643
63352
16614
56162
36445
22232
44244
23422
14253
15511
64411
66556
33321
44154
66466
51356
24444
26346
21615
12234
25414
56324
14262
14445
43536
33222
55232
14311
66362
53651
33333
44444
23246
36366
35326
42536
56421
51352
63265
42626
44661
16452
65265
54366
24513
54513
66422
15223
21516
43425
44612
13361
64144
52243
23565
34553
45236
32635
52161
26453
53612
31251
34533
61511
13111
16456
25225
65433
22222
61526
63363
11212
44444
43425
43152
21223
11552
52632
45515
22322
55541
52222
45563
22334
16311
52644
43423
34225
35364
64623
44444
35551
56133
26534
53153
22612
36636
62626
23464
12223
44444
22222
44243
42314
36231
32364
53466
44444
12245
13524
55666
63345
63535
61666
14646
32421
43662
21441
55222
62562
32413
21345
56421
44564
63341
33212
22553
22461
35355
66666
11266
42222
61515
62252
33644
61325
61335
42426
32414
13612
24444
11111
46125
31465
54535
26512
11634
22222
56512
13521
32254
33222
65212
15342
42321
65616
14312
65245
44135
35533
51535
56225
13264
23233
13442
15632
64554
56116
52562
45362
36423
55251
32431
25341
15515
46212
41444
55155
11145
33232
26612
26542
41121
53251
41111
62416
62534
65566
53462
65555
16621
33233
66513
21425
44366
13132
44461
62543
23215
54444
44555
44444
55555
61156
64356
44454
26222
11111
53166
36454
56555
22522
12435
46646
66155
23245
22222
54443
21155
54424
24242
32141
63656
34121
34461
65656
65562
21646
11111
62416
25524
26515
23661
55555
25546
26312
46561
44144
61123
54661
54451
16143
52256
23442
46232
22222
52436
33325
22226
35563
32546
51243
56445
33333
33325
25432
42325
53264
32553
63654
33466
31252
66666
21543
24364
11122
26233
63454
65411
26231
41324
45355
14321
52262
33224
61256
66666
25364
13342
63114
15455
13225
55146
61425
15211
34132
54351
54524
32411
43563
55336
46646
46364
36421
64316
23556
22432
61665
31221
45434
23655
53433
36542
24536
23252
45323
44433
25263
35164
26345
33335
36223
53536
12621
33252
64322
53621
54123
11111
23514
66666
24415
16344
65562
11113
42231
24132
23333
42365
41636
12266
26514
11332
46423
14345
65561
22222
34545
31526
42543
33116
34212
13565
32451
55356
42513
23534
26431
55555
22222
16534
31353
22335
45321
63545
22325
31516
14665
55231
45324
44221
21222
22222
53244
24513
15324
16654
53462
35133
45211
33333
44451
21151
52661
45145
66636
32223
51166
62453
55265
51555
61445
52222
53142
31245
15111
54626
16111
65625
54556
61155
14655
35521
15243
42241
52645
24352
64352
52623
35426
34166
14366
13326
11115
61124
62312
34666
66664
16433
56524
36254
11416
13635
34343
12211
66256
42553
22422
11661
66262
51565
11325
43144
31646
53132
56353
12211
56312
14362
43233
62423
31544
12363
64113
32665
55555
42431
15134
41424
34125
34623
36452
65423
36162
11255
33333
63431
14352
11151
32233
23254
13242
32564
36413
34115
63333
55366
63553
62154
34155
62166
14343
21254
51156
64511
55463
15222
45321
66545
56623
12131
33333
34446
46353
62122
22222
31144
52314
33544
15555
41213
33416
32333
45545
35146
35433
36263
33626
22262
43322
44132
23525
66666
64231
23541
24144
46441
46523
11511
54123
22111
64463
54156
23353
13452
61334
63444
42444
44645
44444
26252
33333
66666
21342
11151
25535
33355
12211
14325
64116
31133
36561
56462
63244
42132
42123
34254
21654
34263
14213
44543
53152
26666
36253
46146
26511
61613
11111
64114
61331
42442
64641
52444
44666
24316
36541
11315
33223
44646
32412
26245
32246
42551
54411
11141
43364
61551
33443
66666
13524
41551
16122
44623
33555
32152
32616
44646
26453
36134
33333
34344
31643
43335
55162
45661
31213
21616
52314
23536
44515
55465
54442
52332
46616
32361
65531
23545
51161
53352
26111
31111
36115
14234
52361
64222
66312
23123
36456
14411
61253
44444
44444
12243
63416
62164
42653
21326
34322
32512
25152
13231
51211
24126
43134
33333
16322
46234
36532
64531
26266
35624
24316
23516
51342
22365
16556
14326
22611
16245
11111
42153
22663
21646
55551
45644
66165
43564
44454
24214
25166
11111
45432
13512
44411
22544
56535
33434
23346
66633
66312
22622
42353
12111
32335
13466
65231
34566
44524
11615
24444
42212
36645
46145
33333
45132
62232
52255
42322
26213
33533
24466
23461
26233
56412
53413
26345
66546
44446
14455
55636
52423
65255
12255
56124
52626
51565
35656
45664
24531
31433
24232
43211
61664
15215
22256
22353
12221
45444
43344
41325
44565
62124
63636
11456
14462
15544
25433
42253
34256
53432
34335
32135
12111
65225
41525
66516
53423
53624
11365
42345
41235
45555
23556
13312
33224
45236
45423
61611
42453
62343
35412
11523
13463
11111
52641
24546
16531
46353
66666
14654
23261
31111
33544
15266
61336
56655
21224
15135
62543
25341
55156
21232
44443
45153
22365
11111
41122
25346
36655
22645
55351
43515
11111
24145
11541
61521
61235
52341
21363
55114
64435
21626
55124
14666
11111
33333
15123
13211
22356
44343
33363
35151
15362
33333
46425
66666
33412
42155
55636
35564
36452
14246
41524
52511
35333
16342
53624
64112
32214
16122
16633
21632
46412
21243
55423
65412
22222
54651
61325
24342
26434
11315
24133
52235
43512
24242
35415
14322
21264
43613
43444
66453
11553
23642
44445
25552
16334
33333
33436
24222
14323
24213
31142
55526
66555
44324
62426
45362
35446
44352
64541
42142
64533
41325
22533
24355
46614
44566
35241
62521
12615
42142
13532
36141
46621
42251
43533
34411
11111
23266
65363
45166
56235
51326
35532
23635
15511
63413
15221
12141
44544
66656
56424
13545
55166
11111
51522
31113
54233
51166
64522
51631
25244
12111
23251
63452
35462
26263
16565
55356
21215
45426
31165
46444
64425
56652
43435
14653
35424
21252
32433
22663
25324
24645
32313
42211
45263
43424
55655
63354
33333
65465
34162
42545
44243
16314
66336
16444
33411
35636
14124
61144
13222
56466
33333
61451
55615
36645
54312
53155
12122
44444
44335
14325
51664
11452
55426
65565
22112
42222
34113
22526
32546
66161
31624
66336
24134
24531
22224
52545
56524
33423
32116
32333
23655
11245
65445
64351
21633
15645
34652
66644
63316
56535
32123
14353
41165
12222
15143
66153
42263
22222
26344
46636
32363
13366
31514
66666
44444
45345
56364
43363
55321
31112
15166
32355
51555
22513
12462
45212
32311
45442
56626
55521
42452
13546
15621
13332
31325
14216
42146
56355
35555
46613
16115
54521
31645
13553
24223
65342
22252
31233
23541
32463
31415
42153
63542
42642
33223
65142
53264
31356
65651
45411
65212
51324
24561
22232
44444
45634
55555
25346
56545
51161
13336
12333
42522
45266
54152
52533
32614
51564
36254
11265
61344
31342
33433
62264
14441
35532
13244
31336
43615
52642
55555
16633
13215
11111
36663
22431
33332
35353
22451
41122
43451
64614
65125
54534
11211
43351
64533
66111
41342
55552
13355
23654
56564
52452
33632
14642
35335
16122
41323
25225
53222
45656
66666
14235
35336
42246
12311
14333
42653
12364
35664
33333
41235
15141
53634
45541
66535
22252
53243
11111
64435
41432
55416
12155
66456
53314
14462
22434
35112
24356
11533
45321
11342
14454
31253
66144
65642
66361
24551
63542
32654
56166
51654
23463
42513
45136
14142
26615
54111
35115
31666
35132
24224
55555
51216
34455
11113
25522
14352
53456
52525
31431
53226
55335
33411
26425
56656
44234
42613
34352
33661
44311
11315
23112
21611
61314
56112
55565
42163
54561
66123
24413
11146
65151
66666
62323
26135
53243
32464
66633
12111
33335
54636
44113
22214
55562
46325
43652
12366
42432
64342
54642
24231
64215
44444
14352
43532
54213
55461
53243
62215
43636
15544
61545
66666
55133
62354
43244
43562
66115
51562
21563
23312
44244
64241
66624
53464
14321
66543
33514
43133
32242
43652
43542
33334
61614
54545
42332
23311
44424
42423
33443
33331
11111
51424
41116
56626
26426
33333
32334
24624
36222
66654
15566
35266
33333
43212
35264
11111
56131
55625
21123
33164
22111
54612
33333
45326
66511
55654
23343
52332
13666
32352
54641
35666
61562
26625
66666
63354
24444
66333
34524
12453
23656
25346
24566
56563
64116
33333
13242
64451
23551
32156
61614
15551
13614
35631
44363
44262
42655
36622
64253
15432
24622
33424
32616
36255
34132
53264
23265
36611
16521
15615
46453
33333
54532
53415
24636
44566
35316
51545
53114
34421
11111
26141
26455
22534
23645
32542
21362
33353
22245
34164
65643
25364
11111
55516
66466
55555
62262
33333
34512
25325
53621
41411
22222
62532
44232
62131
63363
12241
42523
55561
62311
55554
56646
55655
11522
44664
46664
52513
52436
66145
25566
54612
56162
63542
12451
46466
11246
43163
65314
32611
63623
55545
26632
22625
14643
53144
12513
63125
55335
11111
32146
54423
36533
33263
56461
11111
52651
46313
26246
51426
23534
23151
66655
35124
16461
33313
35264
33356
53325
13452
54512
53644
45552
53333
64525
53553
26135
12535
62666
66436
66524
54362
62161
33333
21113
26362
66422
24532
51155
55535
44443
42452
65361
55326
13113
56223
35462
31552
24364
33332
44444
34564
21122
65365
23133
52222
34643
11111
41151
61151
55552
31111
41461
53543
43423
16556
36644
34651
53214
64644
14563
56632
66666
55555
11651
62344
42664
12251
11466
33333
11555
16344
46462
33633
33261
53216
23224
63524
35551
31424
44211
66665
55526
11111
33333
11111
52666
43444
63556
55354
43513
33633
11131
31124
12242
55555
32133
51432
34445
55555
14242
45465
22435
43616
42235
22444
56443
34662
44253
21435
44464
41362
32333
53621
11111
22222
32441
33233
54555
33666
54326
16666
55555
51144
54333
44444
42225
24132
31113
54162
51442
26233
55555
66566
53332
63115
55426
21153
34434
44445
31416
44525
45362
43552
44544
22222
14143
63462
53363
24544
56453
21422
55555
54315
12631
43333
45652
11536
62326
53441
66522
64631
56556
21152
26351
65215
12111
13413
15456
24536
15131
26521
25135
56513
43655
51256
16544
52255
16322
43325
13163
52463
54263
33355
64642
36355
54444
56623
65554
13245
52155
31656
35324
23233
15535
63336
61366
66663
26626
11611
22522
33333
12411
26365
16264
24244
43562
22626
24222
44444
64335
36132
33133
26224
63665
51255
25411
56463
14111
65663
22323
56445
43454
66522
11534
66553
26256
13466
25264
23336
54562
13641
32453
13665
11111
65362
46141
25436
36563
15632
44462
26616
11111
55232
15134
51514
14532
66232
54455
31136
31656
31524
64264
65642
13334
44444
62541
44464
13542
43423
42214
11132
41145
53263
44444
54325
45623
35344
14165
64165
11515
52151
43356
11334
31132
32214
32535
24442
24531
32345
42331
63266
41452
12254
22222
26566
63662
43444
53651
22316
42514
46321
24143
53462
31236
63556
42444
25224
63351
44441
42153
13452
15551
11245
51111
32154
55555
14142
13351
54161
11414
41516
51153
64543
54441
24115
44116
44322
44441
41523
32611
63133
26451
56115
22142
46121
61236
36513
42422
34415
11551
33126
61263
16636
11141
53211
16551
42441
54525
41521
55556
66666
23415
63452
13335
44324
33333
32454
32231
21265
55554
21342
33333
23152
52151
51614
25611
25453
35214
21115
45344
31125
43656
44654
12411
22222
55655
23121
44442
43425
65636
44444
14614
11111
42232
16646
34631
51136
35564
26433
45233
54444
63321
53346
12414
46664
35222
42231
45444
55555
66121
11111
51523
16441
12522
36461
25365
24254
13641
54114
22161
32255
34543
46434
66113
52225
64146
51155
22251
66166
63546
14244
16655
35442
42341
51136
55351
14216
13155
66664
56465
62666
14513
42154
61313
45535
46511
65263
53462
62416
14111
56266
52236
55315
66666
34625
33333
52563
42412
55545
54231
32136
36412
22332
11111
12131
46612
21124
63155
26664
53553
24655
63213
41132
11111
14626
35514
25463
52531
66146
34444
52543
64655
14131
33451
44231
22211
55555
22222
64532
11111
22233
55555
51323
46561
35241
12231
66412
62626
66555
26461
13554
26515
65661
54126
43444
22622
46433
23645
22625
22543
54132
52436
46221
22256
44424
33163
66411
15631
52224
56445
65114
32456
23111
64666
12214
45445
23314
36252
54312
11464
44411
15545
53114
53412
41114
44533
55555
41363
11111
21131
56433
21236
33133
66656
66164
65315
26515
34444
66446
22625
63245
56655
12665
53433
51154
36633
41342
54242
56665
54362
24333
56356
22443
64541
64632
22145
51351
11325
33153
32262
12263
66134
41415
64514
42356
