1 2 2 0 0 0 0 0 0 0 0 0 0 0 5
1 3 2 0 0 0 0 0 0 0 0 0 40 0 46
1 5 3 0 0 0 0 0 0 0 0 0 40 0 49
1 4 3 0 0 0 0 0 0 0 0 0 0 0 8
1 1 2 0 0 0 0 0 0 0 0 0 0 0 4
1 4 5 0 0 0 0 0 0 0 0 0 0 0 10
1 2 3 0 0 0 0 0 0 0 0 0 40 0 46
1 4 3 0 0 0 0 0 0 0 0 0 40 0 48
1 1 5 0 0 0 0 0 0 0 0 0 40 0 47
1 3 3 0 0 0 0 0 0 0 0 0 0 0 7
1 2 4 0 0 0 0 0 0 0 0 0 40 0 47
1 5 3 0 0 0 0 0 0 0 0 0 40 0 49
1 3 3 0 0 0 0 0 0 0 0 0 40 0 47
1 2 1 0 0 0 0 0 0 0 0 0 40 0 44
1 3 2 0 0 0 0 0 0 0 0 0 40 0 46
1 3 4 0 0 0 0 0 0 0 0 0 40 0 48
1 5 3 0 0 0 0 0 0 0 0 0 40 0 49
1 2 2 0 0 0 0 0 0 0 0 0 40 0 45
1 5 3 0 0 0 0 0 0 0 0 0 40 0 49
1 3 1 0 0 0 0 0 0 0 0 0 40 0 45
1 4 3 0 0 0 0 0 0 0 0 0 40 0 48
1 3 3 0 0 0 0 0 0 0 0 0 40 0 47
1 3 4 0 0 0 0 0 0 0 0 0 40 0 48
1 3 3 0 0 0 0 0 0 0 0 0 0 0 7
1 5 3 0 0 0 0 0 0 0 0 0 40 0 49
1 2 2 0 0 0 0 0 0 0 0 0 40 0 45
1 2 4 0 0 0 0 0 0 0 0 0 0 0 7
1 1 5 0 0 0 0 0 0 0 0 0 40 0 47
1 4 2 0 0 0 0 0 0 0 0 0 40 0 47
1 2 3 0 0 0 0 0 0 0 0 0 40 0 46
1 2 1 0 0 0 0 0 0 0 0 0 0 0 4
1 2 2 0 0 0 0 0 0 0 0 0 40 0 45
1 3 2 0 0 0 0 0 0 0 0 0 0 0 6
1 2 2 0 0 0 0 0 0 0 0 0 0 0 5
1 3 2 0 0 0 0 0 0 0 0 0 40 0 46
1 3 2 0 0 0 0 0 0 0 0 0 0 0 6
1 3 2 0 0 0 0 0 0 0 0 0 0 0 6
1 4 2 0 0 0 0 0 0 0 0 0 40 0 47
1 3 3 0 0 0 0 0 0 0 0 0 40 0 47
1 1 3 0 0 0 0 0 0 0 0 0 40 0 45
1 5 2 0 0 0 0 0 0 0 0 0 40 0 48
1 2 2 0 0 0 0 0 0 0 0 0 40 0 45
1 3 2 0 0 0 0 0 0 0 0 0 40 0 46
1 2 3 0 0 0 0 0 0 0 0 0 40 0 46
1 2 2 0 0 0 0 0 0 0 0 0 0 0 5
1 4 4 0 0 0 0 0 0 0 0 0 0 0 9
1 2 2 0 0 0 0 0 0 0 0 0 40 0 45
1 2 2 0 0 0 0 0 0 0 0 0 40 0 45
1 2 5 0 0 0 0 0 0 0 0 0 0 0 8
1 4 5 0 0 0 0 0 0 0 0 0 40 0 50
1 5 2 0 0 0 0 0 0 0 0 0 0 0 8
1 3 4 0 0 0 0 0 0 0 0 0 40 0 48
1 2 2 0 0 0 0 0 0 0 0 0 40 0 45
1 2 2 0 0 0 0 0 0 0 0 0 0 0 5
1 4 2 0 0 0 0 0 0 0 0 0 40 0 47
1 4 3 0 0 0 0 0 0 0 0 0 0 0 8
1 2 2 0 0 0 0 0 0 0 0 0 0 0 5
1 5 2 0 0 0 0 0 0 0 0 0 0 0 8
1 5 3 0 0 0 0 0 0 0 0 0 40 0 49
1 5 2 0 0 0 0 0 0 0 0 0 0 0 8
1 3 1 0 0 0 0 0 0 0 0 0 0 0 5
1 5 3 0 0 0 0 0 0 0 0 0 40 0 49
1 1 2 0 0 0 0 0 0 0 0 0 40 0 44
1 1 2 0 0 0 0 0 0 0 0 0 0 0 4
1 2 3 0 0 0 0 0 0 0 0 0 0 0 6
1 1 5 0 0 0 0 0 0 0 0 0 0 0 7
1 1 2 0 0 0 0 0 0 0 0 0 0 0 4
1 2 5 0 0 0 0 0 0 0 0 0 40 0 48
1 2 2 0 0 0 0 0 0 0 0 0 40 0 45
1 2 2 0 0 0 0 0 0 0 0 0 0 0 5
1 2 3 0 0 0 0 0 0 0 0 0 40 0 46
1 3 2 0 0 0 0 0 0 0 0 0 40 0 46
1 3 2 0 0 0 0 0 0 0 0 0 40 0 46
1 5 4 0 0 0 0 0 0 0 0 0 40 0 50
1 2 3 0 0 0 0 0 0 0 0 0 40 0 46
1 5 2 0 0 0 0 0 0 0 0 0 0 0 8
1 2 4 0 0 0 0 0 0 0 0 0 40 0 47
1 5 2 0 0 0 0 0 0 0 0 0 0 0 8
1 4 2 0 0 0 0 0 0 0 0 0 0 0 7
1 2 3 0 0 0 0 0 0 0 0 0 40 0 46
1 2 3 0 0 0 0 0 0 0 0 0 40 0 46
1 2 2 0 0 0 0 0 0 0 0 0 0 0 5
1 5 4 0 0 0 0 0 0 0 0 0 40 0 50
1 5 2 0 0 0 0 0 0 0 0 0 40 0 48
1 2 3 0 0 0 0 0 0 0 0 0 0 0 6
1 2 1 0 0 0 0 0 0 0 0 0 40 0 44
1 4 4 0 0 0 0 0 0 0 0 0 40 0 49
1 2 3 0 0 0 0 0 0 0 0 0 0 0 6
1 1 3 0 0 0 0 0 0 0 0 0 40 0 45
1 2 5 0 0 0 0 0 0 0 0 0 0 0 8
0 1 2 0 0 0 0 0 0 0 0 0 40 0 43
1 2 3 0 0 0 0 0 0 0 0 0 40 0 46
1 2 3 0 0 0 0 0 0 0 0 0 40 0 46
1 5 2 0 0 0 0 0 0 0 0 0 40 0 48
1 4 3 0 0 0 0 0 0 0 0 0 40 0 48
1 3 5 0 0 0 0 0 0 0 0 0 40 0 49
1 1 4 0 0 0 0 0 0 0 0 0 40 0 46
1 2 3 0 0 0 0 0 0 0 0 0 0 0 6
1 2 2 0 0 0 0 0 0 0 0 0 0 0 5
1 3 3 0 0 0 0 0 0 0 0 0 40 0 47
1 5 3 0 0 0 0 0 0 0 0 0 40 0 49
1 5 2 0 0 0 0 0 0 0 0 0 40 0 48
1 1 5 0 0 0 0 0 0 0 0 0 0 0 7
1 4 2 0 0 0 0 0 0 0 0 0 0 0 7
1 4 2 0 0 0 0 0 0 0 0 0 40 0 47
1 2 3 0 0 0 0 0 0 0 0 0 40 0 46
1 2 2 0 0 0 0 0 0 0 0 0 40 0 45
0 2 4 0 0 0 0 0 0 0 0 0 40 0 46
1 2 2 0 0 0 0 0 0 0 0 0 0 0 5
1 2 3 0 0 0 0 0 0 0 0 0 40 0 46
1 2 2 0 0 0 0 0 0 0 0 0 0 0 5
1 3 3 0 0 0 0 0 0 0 0 0 40 0 47
1 4 2 0 0 0 0 0 0 0 0 0 40 0 47
1 1 3 0 0 0 0 0 0 0 0 0 40 0 45
1 2 1 0 0 0 0 0 0 0 0 0 40 0 44
1 4 4 0 0 0 0 0 0 0 0 0 0 0 9
1 2 3 0 0 0 0 0 0 0 0 0 40 0 46
1 5 3 0 0 0 0 0 0 0 0 0 0 0 9
1 5 4 0 0 0 0 0 0 0 0 0 40 0 50
1 2 2 0 0 0 0 0 0 0 0 0 0 0 5
1 3 3 0 0 0 0 0 0 0 0 0 40 0 47
1 3 3 0 0 0 0 0 0 0 0 0 40 0 47
1 1 5 0 0 0 0 0 0 0 0 0 40 0 47
1 1 3 0 0 0 0 0 0 0 0 0 40 0 45
1 2 3 0 0 0 0 0 0 0 0 0 40 0 46
1 5 5 0 0 0 0 0 0 0 0 0 0 0 11
1 3 3 0 0 0 0 0 0 0 0 0 0 0 7
1 4 2 0 0 0 0 0 0 0 0 0 0 0 7
1 1 2 0 0 0 0 0 0 0 0 0 40 0 44
1 3 2 0 0 0 0 0 0 0 0 0 40 0 46
1 3 2 0 0 0 0 0 0 0 0 0 0 0 6
1 3 2 0 0 0 0 0 0 0 0 0 0 0 6
1 3 2 0 0 0 0 0 0 0 0 0 40 0 46
1 1 2 0 0 0 0 0 0 0 0 0 40 0 44
1 1 4 0 0 0 0 0 0 0 0 0 40 0 46
1 5 3 0 0 0 0 0 0 0 0 0 40 0 49
1 3 2 0 0 0 0 0 0 0 0 0 40 0 46
1 4 2 0 0 0 0 0 0 0 0 0 0 0 7
1 2 2 0 0 0 0 0 0 0 0 0 40 0 45
1 2 2 0 0 0 0 0 0 0 0 0 40 0 45
1 4 2 0 0 0 0 0 0 0 0 0 0 0 7
1 2 4 0 0 0 0 0 0 0 0 0 0 0 7
1 2 4 0 0 0 0 0 0 0 0 0 40 0 47
1 3 2 0 0 0 0 0 0 0 0 0 40 0 46
1 2 3 0 0 0 0 0 0 0 0 0 40 0 46
1 1 5 0 0 0 0 0 0 0 0 0 40 0 47
1 2 2 0 0 0 0 0 0 0 0 0 40 0 45
1 5 2 0 0 0 0 0 0 0 0 0 40 0 48
1 3 5 0 0 0 0 0 0 0 0 0 40 0 49
1 2 3 0 0 0 0 0 0 0 0 0 40 0 46
1 2 4 0 0 0 0 0 0 0 0 0 40 0 47
1 2 2 0 0 0 0 0 0 0 0 0 40 0 45
1 3 2 0 0 0 0 0 0 0 0 0 40 0 46
1 3 4 0 0 0 0 0 0 0 0 0 0 0 8
0 3 4 0 0 0 0 0 0 0 0 0 0 0 7
1 4 2 0 0 0 0 0 0 0 0 0 40 0 47
1 2 5 0 0 0 0 0 0 0 0 0 40 0 48
1 2 3 0 0 0 0 0 0 0 0 0 0 0 6
1 2 5 0 0 0 0 0 0 0 0 0 40 0 48
1 5 2 0 0 0 0 0 0 0 0 0 0 0 8
1 2 5 0 0 0 0 0 0 0 0 0 0 0 8
1 2 2 0 0 0 0 0 0 0 0 0 40 0 45
1 1 3 0 0 0 0 0 0 0 0 0 40 0 45
1 3 5 0 0 0 0 0 0 0 0 0 40 0 49
1 5 2 0 0 0 0 0 0 0 0 0 40 0 48
1 2 4 0 0 0 0 0 0 0 0 0 40 0 47
0 3 2 0 0 0 0 0 0 0 0 0 40 0 45
1 5 3 0 0 0 0 0 0 0 0 0 40 0 49
1 3 2 0 0 0 0 0 0 0 0 0 40 0 46
1 3 1 0 0 0 0 0 0 0 0 0 0 0 5
1 3 4 0 0 0 0 0 0 0 0 0 40 0 48
1 1 3 0 0 0 0 0 0 0 0 0 40 0 45
1 5 4 0 0 0 0 0 0 0 0 0 40 0 50
1 5 2 0 0 0 0 0 0 0 0 0 0 0 8
1 2 4 0 0 0 0 0 0 0 0 0 0 0 7
1 2 1 0 0 0 0 0 0 0 0 0 40 0 44
1 1 5 0 0 0 0 0 0 0 0 0 40 0 47
1 2 2 0 0 0 0 0 0 0 0 0 40 0 45
1 3 5 0 0 0 0 0 0 0 0 0 40 0 49
1 3 5 0 0 0 0 0 0 0 0 0 40 0 49
1 2 5 0 0 0 0 0 0 0 0 0 40 0 48
1 4 1 0 0 0 0 0 0 0 0 0 40 0 46
1 4 4 0 0 0 0 0 0 0 0 0 0 0 9
1 3 3 0 0 0 0 0 0 0 0 0 0 0 7
1 2 2 0 0 0 0 0 0 0 0 0 40 0 45
1 3 2 0 0 0 0 0 0 0 0 0 0 0 6
1 3 5 0 0 0 0 0 0 0 0 0 40 0 49
1 3 3 0 0 0 0 0 0 0 0 0 40 0 47
1 2 1 0 0 0 0 0 0 0 0 0 40 0 44
1 2 2 0 0 0 0 0 0 0 0 0 0 0 5
1 2 5 0 0 0 0 0 0 0 0 0 0 0 8
1 2 2 0 0 0 0 0 0 0 0 0 0 0 5
1 2 2 0 0 0 0 0 0 0 0 0 40 0 45
1 2 3 0 0 0 0 0 0 0 0 0 40 0 46
1 5 2 0 0 0 0 0 0 0 0 0 40 0 48
1 2 2 0 0 0 0 0 0 0 0 0 0 0 5
1 2 2 0 0 0 0 0 0 0 0 0 40 0 45
1 2 3 0 0 0 0 0 0 0 0 0 40 0 46
1 3 2 0 0 0 0 0 0 0 0 0 40 0 46
1 2 3 0 0 0 0 0 0 0 0 0 40 0 46
1 3 5 0 0 0 0 0 0 0 0 0 40 0 49
1 2 2 0 0 0 0 0 0 0 0 0 40 0 45
1 3 1 0 0 0 0 0 0 0 0 0 40 0 45
1 2 3 0 0 0 0 0 0 0 0 0 40 0 46
1 3 5 0 0 0 0 0 0 0 0 0 40 0 49
1 3 4 0 0 0 0 0 0 0 0 0 40 0 48
1 2 2 0 0 0 0 0 0 0 0 0 0 0 5
1 4 2 0 0 0 0 0 0 0 0 0 40 0 47
1 2 2 0 0 0 0 0 0 0 0 0 40 0 45
1 1 2 0 0 0 0 0 0 0 0 0 40 0 44
1 2 2 0 0 0 0 0 0 0 0 0 40 0 45
1 5 2 0 0 0 0 0 0 0 0 0 40 0 48
1 5 3 0 0 0 0 0 0 0 0 0 40 0 49
1 2 1 0 0 0 0 0 0 0 0 0 40 0 44
1 5 3 0 0 0 0 0 0 0 0 0 40 0 49
1 2 3 0 0 0 0 0 0 0 0 0 40 0 46
1 3 4 0 0 0 0 0 0 0 0 0 40 0 48
1 3 2 0 0 0 0 0 0 0 0 0 40 0 46
1 3 3 0 0 0 0 0 0 0 0 0 40 0 47
1 2 1 0 0 0 0 0 0 0 0 0 40 0 44
1 3 5 0 0 0 0 0 0 0 0 0 40 0 49
1 4 1 0 0 0 0 0 0 0 0 0 40 0 46
1 1 3 0 0 0 0 0 0 0 0 0 40 0 45
1 2 4 0 0 0 0 0 0 0 0 0 0 0 7
1 2 3 0 0 0 0 0 0 0 0 0 40 0 46
0 1 3 0 0 0 0 0 0 0 0 0 0 0 4
1 3 2 0 0 0 0 0 0 0 0 0 0 0 6
1 3 2 0 0 0 0 0 0 0 0 0 40 0 46
1 2 2 0 0 0 0 0 0 0 0 0 40 0 45
1 3 3 0 0 0 0 0 0 0 0 0 40 0 47
1 5 2 0 0 0 0 0 0 0 0 0 40 0 48
1 1 2 0 0 0 0 0 0 0 0 0 40 0 44
1 2 3 0 0 0 0 0 0 0 0 0 0 0 6
1 3 2 0 0 0 0 0 0 0 0 0 40 0 46
1 2 5 0 0 0 0 0 0 0 0 0 40 0 48
1 4 2 0 0 0 0 0 0 0 0 0 0 0 7
1 3 3 0 0 0 0 0 0 0 0 0 40 0 47
1 2 3 0 0 0 0 0 0 0 0 0 40 0 46
1 2 2 0 0 0 0 0 0 0 0 0 40 0 45
1 4 2 0 0 0 0 0 0 0 0 0 40 0 47
1 4 1 0 0 0 0 0 0 0 0 0 40 0 46
0 2 2 0 0 0 0 0 0 0 0 0 40 0 44
1 3 5 0 0 0 0 0 0 0 0 0 40 0 49
1 5 3 0 0 0 0 0 0 0 0 0 40 0 49
1 3 2 0 0 0 0 0 0 0 0 0 40 0 46
1 5 3 0 0 0 0 0 0 0 0 0 0 0 9
1 2 2 0 0 0 0 0 0 0 0 0 0 0 5
1 3 4 0 0 0 0 0 0 0 0 0 40 0 48
1 2 2 0 0 0 0 0 0 0 0 0 40 0 45
1 1 3 0 0 0 0 0 0 0 0 0 40 0 45
0 2 2 0 0 0 0 0 0 0 0 0 40 0 44
1 2 4 0 0 0 0 0 0 0 0 0 40 0 47
1 2 2 0 0 0 0 0 0 0 0 0 0 0 5
1 1 2 0 0 0 0 0 0 0 0 0 0 0 4
1 2 2 0 0 0 0 0 0 0 0 0 0 0 5
1 1 2 0 0 0 0 0 0 0 0 0 0 0 4
0 2 5 0 0 0 0 0 0 0 0 0 40 0 47
1 2 4 0 0 0 0 0 0 0 0 0 40 0 47
1 4 2 0 0 0 0 0 0 0 0 0 40 0 47
1 1 1 0 0 0 0 0 0 0 0 0 0 0 3
1 3 5 0 0 0 0 0 0 0 0 0 40 0 49
1 3 4 0 0 0 0 0 0 0 0 0 40 0 48
1 2 3 0 0 0 0 0 0 0 0 0 0 0 6
1 2 3 0 0 0 0 0 0 0 0 0 40 0 46
1 3 2 0 0 0 0 0 0 0 0 0 40 0 46
1 3 3 0 0 0 0 0 0 0 0 0 40 0 47
1 3 4 0 0 0 0 0 0 0 0 0 40 0 48
1 5 4 0 0 0 0 0 0 0 0 0 0 0 10
1 2 2 0 0 0 0 0 0 0 0 0 0 0 5
1 2 5 0 0 0 0 0 0 0 0 0 40 0 48
1 4 2 0 0 0 0 0 0 0 0 0 40 0 47
1 4 2 0 0 0 0 0 0 0 0 0 40 0 47
1 4 2 0 0 0 0 0 0 0 0 0 0 0 7
1 4 5 0 0 0 0 0 0 0 0 0 0 0 10
1 3 2 0 0 0 0 0 0 0 0 0 0 0 6
1 2 4 0 0 0 0 0 0 0 0 0 40 0 47
1 2 2 0 0 0 0 0 0 0 0 0 40 0 45
1 3 5 0 0 0 0 0 0 0 0 0 0 0 9
1 3 3 0 0 0 0 0 0 0 0 0 40 0 47
1 3 1 0 0 0 0 0 0 0 0 0 0 0 5
1 1 2 0 0 0 0 0 0 0 0 0 40 0 44
1 5 3 0 0 0 0 0 0 0 0 0 40 0 49
1 2 2 0 0 0 0 0 0 0 0 0 0 0 5
1 5 1 0 0 0 0 0 0 0 0 0 0 0 7
1 4 2 0 0 0 0 0 0 0 0 0 0 0 7
1 2 2 0 0 0 0 0 0 0 0 0 40 0 45
1 2 2 0 0 0 0 0 0 0 0 0 0 0 5
1 4 3 0 0 0 0 0 0 0 0 0 40 0 48
1 2 2 0 0 0 0 0 0 0 0 0 40 0 45
1 1 5 0 0 0 0 0 0 0 0 0 40 0 47
1 3 1 0 0 0 0 0 0 0 0 0 40 0 45
1 3 3 0 0 0 0 0 0 0 0 0 40 0 47
1 5 4 0 0 0 0 0 0 0 0 0 40 0 50
1 5 2 0 0 0 0 0 0 0 0 0 40 0 48
1 5 3 0 0 0 0 0 0 0 0 0 0 0 9
1 4 3 0 0 0 0 0 0 0 0 0 40 0 48
1 5 2 0 0 0 0 0 0 0 0 0 40 0 48
1 3 2 0 0 0 0 0 0 0 0 0 40 0 46
1 4 4 0 0 0 0 0 0 0 0 0 0 0 9
1 4 2 0 0 0 0 0 0 0 0 0 0 0 7
1 4 2 0 0 0 0 0 0 0 0 0 40 0 47
1 2 5 0 0 0 0 0 0 0 0 0 40 0 48
1 3 1 0 0 0 0 0 0 0 0 0 40 0 45
1 4 3 0 0 0 0 0 0 0 0 0 40 0 48
1 2 2 0 0 0 0 0 0 0 0 0 40 0 45
1 4 3 0 0 0 0 0 0 0 0 0 0 0 8
1 2 3 0 0 0 0 0 0 0 0 0 40 0 46
1 2 2 0 0 0 0 0 0 0 0 0 40 0 45
1 5 4 0 0 0 0 0 0 0 0 0 40 0 50
1 2 4 0 0 0 0 0 0 0 0 0 40 0 47
1 4 5 0 0 0 0 0 0 0 0 0 40 0 50
1 4 2 0 0 0 0 0 0 0 0 0 0 0 7
1 3 4 0 0 0 0 0 0 0 0 0 0 0 8
1 2 2 0 0 0 0 0 0 0 0 0 0 0 5
1 2 2 0 0 0 0 0 0 0 0 0 40 0 45
1 5 3 0 0 0 0 0 0 0 0 0 0 0 9
1 2 2 0 0 0 0 0 0 0 0 0 40 0 45
1 5 3 0 0 0 0 0 0 0 0 0 40 0 49
1 4 4 0 0 0 0 0 0 0 0 0 0 0 9
1 3 3 0 0 0 0 0 0 0 0 0 0 0 7
1 3 2 0 0 0 0 0 0 0 0 0 0 0 6
1 4 2 0 0 0 0 0 0 0 0 0 40 0 47
1 3 2 0 0 0 0 0 0 0 0 0 40 0 46
1 2 2 0 0 0 0 0 0 0 0 0 40 0 45
1 3 1 0 0 0 0 0 0 0 0 0 40 0 45
